#1:j_ID 	2:sig1 					3:Delta_sigma 	 		4:MB 	 				5:J 	 			   6:Area 	 				7:j_B 	 				8:eps 	 			9: Penrose_inequality(A/(16*Pi*MB^2)) 10:8*pi*J/A  11: A/MB^2 				12:1-eps 	 
0.500 	    1.071796769724491 	    0.000000000000000 	    1.000000000137802 	    0.500000000000000 	   46.898333599528685 	    0.499999999862198 	    0.999999999681754 	    0.933012701635072 	    0.267949192431124	   46.898333586603328 	    0.000000000318246
0.500 	    1.072056931238266 	    0.000260161513776 	    0.997107931118989 	    0.500000002990272 	   46.585387184791756 	    0.502904666536665 	    0.999999887855891 	    0.932170838601820 	    0.269749194949598	   46.856016935073814 	    0.000000112144109
0.500 	    1.072317092752042 	    0.000520323027551 	    0.994226375180390 	    0.500000005965503 	   46.274142136477027 	    0.505824020691932 	    0.999999546085351 	    0.931317922596238 	    0.271563559778730	   46.813144700557593 	    0.000000453914649
0.500 	    1.072577254265817 	    0.000780484541327 	    0.991355603805916 	    0.500000008925441 	   45.964616235524917 	    0.508757799675401 	    0.999998961143913 	    0.930453880404755 	    0.273392271443958	   46.769713202939108 	    0.000001038856087
0.500 	    1.072837415779593 	    0.001040646055102 	    0.988495889178213 	    0.500000011869832 	   45.656827145301649 	    0.511705729231730 	    0.999998119895190 	    0.929578642518756 	    0.275235308679870	   46.725718948334340 	    0.000001880104810
0.500 	    1.073097577293368 	    0.001300807568877 	    0.985647503856948 	    0.500000014798424 	   45.350792391371628 	    0.514667523596409 	    0.999997009503712 	    0.928692143446892 	    0.277092644332164	   46.681158644789050 	    0.000002990496288
0.500 	    1.073357738807144 	    0.001560969082653 	    0.982810720441121 	    0.500000017710966 	   45.046529340946726 	    0.517642885623471 	    0.999995617673108 	    0.927794322043796 	    0.278964245266763	   46.636029218801803 	    0.000004382326892
0.500 	    1.073617900320919 	    0.001821130596428 	    0.979985811225315 	    0.500000020607210 	   44.744055182055822 	    0.520631506938528 	    0.999993932889622 	    0.926885121836971 	    0.280850072286574	   46.590327831755357 	    0.000006067110378
0.500 	    1.073878061834695 	    0.002081292110204 	    0.977173047856677 	    0.500000023486912 	   44.443386902480342 	    0.523633068110941 	    0.999991944655872 	    0.925964491339257 	    0.282750080056305	   46.544051895622697 	    0.000008055344128
0.500 	    1.074138223348470 	    0.002341453623979 	    0.974372701000022 	    0.500000026349829 	   44.144541268504471 	    0.526647238837849 	    0.999989643697844 	    0.925032384333100 	    0.284664217035782	   46.497199087256247 	    0.000010356302156
0.500 	    1.074398384862245 	    0.002601615137755 	    0.971585040021366 	    0.500000029195725 	   43.847534803530774 	    0.529673678128981 	    0.999987022120424 	    0.924088760107145 	    0.286592425422190	   46.449767360280095 	    0.000012977879576
0.500 	    1.074658546376021 	    0.002861776651530 	    0.968810332697685 	    0.500000032024369 	   43.552383766614502 	    0.532712034483176 	    0.999984073491921 	    0.923133583630244 	    0.288534641101602	   46.401754953836716 	    0.000015926508079
0.500 	    1.074918707889796 	    0.003121938165306 	    0.966048844957691 	    0.500000034835537 	   43.259104130971731 	    0.535761946050239 	    0.999980792844785 	    0.922166825653663 	    0.290490793610187	   46.353160397724267 	    0.000019207155215
0.500 	    1.075178869403572 	    0.003382099679081 	    0.963300840664746 	    0.500000037629008 	   42.967711562518473 	    0.538823040764243 	    0.999977176563571 	    0.921188462720062 	    0.292460806105419	   46.303982512848345 	    0.000022823436429
0.500 	    1.075439030917347 	    0.003642261192856 	    0.960566581441624 	    0.500000040404571 	   42.678221398499481 	    0.541894936446360 	    0.999973222158422 	    0.920198477079574 	    0.294444595347608	   46.254220407003299 	    0.000026777841578
0.500 	    1.075699192431123 	    0.003902422706632 	    0.957846326546596 	    0.500000043162012 	   42.390648626266973 	    0.544977240864141 	    0.999968927898020 	    0.919196856494678 	    0.296442071692015	   46.203873465064173 	    0.000031072101980
0.500 	    1.075959353944898 	    0.004162584220407 	    0.955140332797772 	    0.500000045901123 	   42.105007862269990 	    0.548069551747714 	    0.999964292306300 	    0.918183593939516 	    0.298453139091819	   46.152941333872918 	    0.000035707693700
0.500 	    1.076219515458674 	    0.004422745734183 	    0.952448854548079 	    0.500000048621685 	   41.821313331317484 	    0.551171456757256 	    0.999959313513809 	    0.917158687189112 	    0.300477695112105	   46.101423901589977 	    0.000040686486191
0.500 	    1.076479676972449 	    0.004682907247958 	    0.949772143706733 	    0.500000051323473 	   41.539578846175794 	    0.554282533403412 	    0.999953988470766 	    0.916122138306525 	    0.302515630955070	   46.049321271916044 	    0.000046011529234
0.500 	    1.076739838486225 	    0.004943068761734 	    0.947110449799829 	    0.500000054006236 	   41.259817787565610 	    0.557402348926386 	    0.999948312037489 	    0.915073953042548 	    0.304566831496552	   45.996633733917417 	    0.000051687962511
0.500 	    1.077000000000000 	    0.005203230275509 	    0.944464020061842 	    0.500000056669697 	   40.982043084617808 	    0.560530460140945 	    0.999942275970629 	    0.914014140164363 	    0.306631175333976	   45.943361728280890 	    0.000057724029371
0.500 	    1.077035060449287 	    0.005238290724796 	    0.944111354496167 	    0.500000057023989 	   40.944761583875105 	    0.560949302472161 	    0.999934275665202 	    0.913865010660782 	    0.306910372937114	   45.935865661834738 	    0.000065724334798
0.500 	    1.077617092752042 	    0.005820323027551 	    0.938253588585797 	    0.500000062904599 	   40.331187781146556 	    0.567975484472632 	    0.999915229582862 	    0.911445465855169 	    0.311579521622682	   45.814246074853208 	    0.000084770417138
0.500 	    1.078199125054797 	    0.006402355330306 	    0.932476722534421 	    0.500000068685415 	   39.727755201557481 	    0.575034716906623 	    0.999892870562699 	    0.908967116620975 	    0.316312167069517	   45.689670654898453 	    0.000107129437301
0.500 	    1.078781157357552 	    0.006984387633061 	    0.926783344593127 	    0.500000074364430 	   39.134580243166320 	    0.582121484423341 	    0.999866883722345 	    0.906430235680046 	    0.321106612240602	   45.562153110465557 	    0.000133116277655
0.500 	    1.079363189660307 	    0.007566419935816 	    0.921175912915145 	    0.500000079939792 	   38.551765162867393 	    0.589230103872134 	    0.999836936253123 	    0.903835230420948 	    0.325961018136961	   45.431713919137399 	    0.000163063746877
0.500 	    1.079945221963062 	    0.008148452238571 	    0.915656741816611 	    0.500000085409818 	   37.979397315980502 	    0.596354751325111 	    0.999802677359808 	    0.901182643262258 	    0.330873411612946	   45.298380345845440 	    0.000197322640192
0.500 	    1.080527254265817 	    0.008730484541327 	    0.910227989176522 	    0.500000090772999 	   37.417548518479370 	    0.603489490753620 	    0.999763738271604 	    0.898473150845808 	    0.335841694426542	   45.162186402317822 	    0.000236261728396
0.500 	    1.081109286568572 	    0.009312516844082 	    0.904891645153964 	    0.500000096028007 	   36.866274541768176 	    0.610628303981774 	    0.999719732338023 	    0.895707562068778 	    0.340863653406828	   45.023172748161540 	    0.000280267661977
0.500 	    1.081691318871328 	    0.009894549146837 	    0.899649522386513 	    0.500000101173707 	   36.325614747335776 	    0.617765121497113 	    0.999670255191308 	    0.892886814964168 	    0.345936971598077	   44.881386534057903 	    0.000329744808692
0.500 	    1.082273351174083 	    0.010476581449592 	    0.894503247792878 	    0.500000106209155 	   35.795591865833597 	    0.624893853695562 	    0.999614884985819 	    0.890011972483457 	    0.351059240221163	   44.736881189775852 	    0.000385115014181
0.500 	    1.082855383476838 	    0.011058613752347 	    0.889454256081107 	    0.500000111133602 	   35.276211922236930 	    0.632008422117054 	    0.999553182692232 	    0.887084217234068 	    0.356227971278566	   44.589716159648017 	    0.000446817307768
0.500 	    1.083437415779593 	    0.011640646055102 	    0.884503785016163 	    0.500000115946497 	   34.767464305859378 	    0.639102790251279 	    0.999484692458114 	    0.884104845268098 	    0.361440610619816	   44.439956590358353 	    0.000515307541886
0.500 	    1.084019448082348 	    0.012222678357857 	    0.879652872477602 	    0.500000120647487 	   34.269321981201244 	    0.646170993492867 	    0.999408942009356 	    0.881075259009959 	    0.366694551279849	   44.287672975446604 	    0.000591057990644
0.500 	    1.084601480385103 	    0.012804710660612 	    0.874902355291258 	    0.500000125236410 	   33.781741833013533 	    0.653207167869139 	    0.999325443098888 	    0.877996959446808 	    0.371987146903504	   44.132940762756257 	    0.000674556901112
0.500 	    1.085183512687858 	    0.013386742963367 	    0.870252869794153 	    0.500000129713296 	   33.304665136635635 	    0.660205577187824 	    0.999233691982724 	    0.874871537697755 	    0.377315725075004	   43.975839930657147 	    0.000766308017276
0.500 	    1.085765544990613 	    0.013968775266122 	    0.865704854054177 	    0.500000134078360 	   32.838018142676609 	    0.667160638306009 	    0.999133169922709 	    0.871700666097667 	    0.382677600381264	   43.816454539868164 	    0.000866830077291
0.500 	    1.086347577293368 	    0.014550807568877 	    0.861258551643328 	    0.500000138331994 	   32.381712763512003 	    0.674066944264779 	    0.999023343701951 	    0.868486088925043 	    0.388070087051766	   43.654872267389558 	    0.000976656298049
0.500 	    1.086929609596123 	    0.015132839871633 	    0.856914016838436 	    0.500000142474764 	   31.935647347879139 	    0.680919285089763 	    0.998903666144395 	    0.865229612906392 	    0.393490511034688	   43.491183929200962 	    0.001096333855605
0.500 	    1.087511641898878 	    0.015714872174388 	    0.852671121102704 	    0.500000146507394 	   31.499707529090784 	    0.687712666116236 	    0.998773576637796 	    0.861933097630266 	    0.398936221388285	   43.325482998418191 	    0.001226423362204
0.500 	    1.088093674201634 	    0.016296904477143 	    0.848529560695092 	    0.500000150430764 	   31.073767132035139 	    0.694442323740616 	    0.998632501637744 	    0.858598445983167 	    0.404404600887334	   43.157865124549285 	    0.001367498362256
0.500 	    1.088675706504389 	    0.016878936779898 	    0.844488865235164 	    0.500000154245894 	   30.657689124166100 	    0.701103738569631 	    0.998479855165719 	    0.855227594732451 	    0.409893075765968	   42.988427660139806 	    0.001520144834281
0.500 	    1.089257738807144 	    0.017460969082653 	    0.840548407059592 	    0.500000157953940 	   30.251326596073374 	    0.707692645967693 	    0.998315039276052 	    0.851822505345686 	    0.415399124539741	   42.817269199303336 	    0.001684960723948
0.500 	    1.089839771109899 	    0.018043001385408 	    0.836707411197288 	    0.500000161556174 	   29.854523757911333 	    0.714205044062526 	    0.998137444498834 	    0.848385155143366 	    0.420920285870534	   42.644489133008583 	    0.001862555501166
0.500 	    1.090421803412654 	    0.018625033688163 	    0.832964965798541 	    0.500000165053982 	   29.467116938901451 	    0.720637199301630 	    0.997946450254792 	    0.844917528860935 	    0.426454165457514	   42.470187224940063 	    0.002053549745208
0.500 	    1.091003835715409 	    0.019207065990918 	    0.829320032863017 	    0.500000168448848 	   29.088935578253558 	    0.726985649681479 	    0.997741425232977 	    0.841421610678962 	    0.431998441955191	   42.294463210891512 	    0.002258574767023
0.500 	    1.091585868018164 	    0.019789098293673 	    0.825771459119010 	    0.500000171742341 	   28.719803197117795 	    0.733247205802396 	    0.997521727732846 	    0.837899376772898 	    0.437550871935505	   42.117416424275251 	    0.002478272267154
0.500 	    1.092167900320919 	    0.020371130596428 	    0.822317986919333 	    0.500000174936112 	   28.359538342527566 	    0.739418949921140 	    0.997286705971545 	    0.834352788419584 	    0.443109293924537	   41.939145449617963 	    0.002713294028455
0.500 	    1.092749932623674 	    0.020953162899183 	    0.818958265034293 	    0.500000178031875 	   28.007955495679123 	    0.745498233185169 	    0.997035698354149 	    0.830783785683223 	    0.448671631555786	   41.759747805182871 	    0.002964301645851
0.500 	    1.093331964926429 	    0.021535195201939 	    0.815690859235736 	    0.500000181031400 	   27.664865938267240 	    0.751482671242851 	    0.996768033709262 	    0.827194281694442 	    0.454235895891046	   41.579319655403941 	    0.003231966290738
0.500 	    1.093913997229184 	    0.022117227504694 	    0.812514262583075 	    0.500000183936506 	   27.330078571929961 	    0.757370138423818 	    0.996483031486385 	    0.823586157522248 	    0.459800186966692	   41.397955553122271 	    0.003516968513615
0.500 	    1.094496029531940 	    0.022699259807449 	    0.809426905333122 	    0.500000186749047 	   27.003400687110308 	    0.763158760689804 	    0.996180001926449 	    0.819961257637733 	    0.465362694628052	   41.215748211567199 	    0.003819998073551
0.500 	    1.095078061834695 	    0.023281292110204 	    0.806427164414257 	    0.500000189470909 	   26.684638678808895 	    0.768846907543789 	    0.995858246202182 	    0.816321385952222 	    0.470921698717316	   41.032788305211829 	    0.004141753797818
0.500 	    1.095660094137450 	    0.023863324412959 	    0.803513372418215 	    0.500000192103994 	   26.373598707753146 	    0.774433183078779 	    0.995517056527954 	    0.812668302407918 	    0.476475568681682	   40.849164298400063 	    0.004482943472046
0.500 	    1.096242126440205 	    0.024445356715714 	    0.800683826071279 	    0.500000194650222 	   26.070087306443218 	    0.779916416345199 	    0.995155716255149 	    0.809003720102385 	    0.482022762668196	   40.664962300807460 	    0.004844283744851
0.500 	    1.096824158742960 	    0.025027389018469 	    0.797936794165426 	    0.500000197111516 	   25.773911930346726 	    0.785295651190072 	    0.994773499941547 	    0.805329302909580 	    0.487561826170283	   40.480265947861226 	    0.005226500058453
0.500 	    1.097406191045715 	    0.025609421321224 	    0.795270524932446 	    0.500000199489801 	   25.484881455202696 	    0.790570135722719 	    0.994369673413201 	    0.801646663572946 	    0.493091390288548	   40.295156304888561 	    0.005630326586799
0.500 	    1.097988223348470 	    0.026191453623979 	    0.792683252859117 	    0.500000201786995 	   25.202806621967594 	    0.795739311536228 	    0.993943493814123 	    0.797957362231978 	    0.498610169665240	   40.109711793053954 	    0.006056506185877
0.500 	    1.098570255651225 	    0.026773485926734 	    0.790173204946120 	    0.500000204005006 	   24.927500431393334 	    0.800802802805615 	    0.993494209650857 	    0.794262905348762 	    0.504116960148089	   39.924008135400906 	    0.006505790349143
0.500 	    1.099152287953980 	    0.027355518229489 	    0.787738606419857 	    0.500000206145725 	   24.658778490587985 	    0.805760405369693 	    0.993021060839787 	    0.790564745000864 	    0.509610636234994	   39.738118321308854 	    0.006978939160213
0.500 	    1.099734320256735 	    0.027937550532244 	    0.785377685912582 	    0.500000208211026 	   24.396459314168350 	    0.810612075888139 	    0.992523278761035 	    0.786864278505170 	    0.515090148346856	   39.552112587585198 	    0.007476721238965
0.500 	    1.100316352559490 	    0.028519582835000 	    0.783088680131778 	    0.500000210202757 	   24.140364582798837 	    0.815357921149533 	    0.992000086317602 	    0.783162848335760 	    0.520554519971285	   39.366058414337315 	    0.007999913682398
0.500 	    1.100898384862246 	    0.029101615137755 	    0.780869838038751 	    0.500000212122742 	   23.890319362017168 	    0.819998187602457 	    0.991450698016211 	    0.779461742308465 	    0.526002844715597	   39.180020534249195 	    0.008549301983789
0.500 	    1.101480417165001 	    0.029683647440510 	    0.778719424563084 	    0.500000213972773 	   23.646152284297007 	    0.824533251161778 	    0.990874320068802 	    0.775762193997841 	    0.531434283303108	   38.994060953541090 	    0.009125679931198
0.500 	    1.102062449467756 	    0.030265679743265 	    0.776635723880635 	    0.500000215754615 	   23.407695697291978 	    0.828963607332759 	    0.990270150515515 	    0.772065383355221 	    0.536848060542665	   38.808238983035982 	    0.009729849484485
0.500 	    1.102644481770511 	    0.030847712046020 	    0.774617042279787 	    0.500000217469996 	   23.174785781157942 	    0.833289861694696 	    0.989637379388087 	    0.768372437506332 	    0.542243462297428	   38.622611278252415 	    0.010362620611913
0.500 	    1.103226514073266 	    0.031429744348775 	    0.772661710647460 	    0.500000219120609 	   22.947262637772319 	    0.837512720763766 	    0.988975188904206 	    0.764684431696263 	    0.547619832475176	   38.437231886903468 	    0.011024811095794
0.500 	    1.103808546376021 	    0.032011776651530 	    0.770768086600452 	    0.500000220708114 	   22.724970354558929 	    0.841632983259797 	    0.988282753709855 	    0.761002390363323 	    0.552976570059116	   38.252152302874981 	    0.011717246290145
0.500 	    1.104390578678776 	    0.032593808954285 	    0.768934556291800 	    0.500000222234130 	   22.507757045502773 	    0.845651531785448 	    0.987559241166335 	    0.757327288316431 	    0.558313126194994	   38.067421525407649 	    0.012440758833665
0.500 	    1.104972610981531 	    0.033175841257040 	    0.767159535917920 	    0.500000223700241 	   22.295474871795776 	    0.849569324927315 	    0.986803811693021 	    0.753660051998867 	    0.563629001347541	   37.883086122619892 	    0.013196188306979
0.500 	    1.105554643284286 	    0.033757873559795 	    0.765441472951728 	    0.500000225107991 	   22.087980044405869 	    0.853387389783044 	    0.986015619176102 	    0.750001560822489 	    0.568923742536733	   37.699190298572970 	    0.013984380823898
0.500 	    1.106136675587041 	    0.034339905862550 	    0.763778847130230 	    0.500000226458886 	   21.885132810706906 	    0.857106814904355 	    0.985193811431391 	    0.746352648549493 	    0.574196940662105	   37.515775962725929 	    0.014806188568609
0.500 	    1.106718707889796 	    0.034921938165306 	    0.762170171215659 	    0.500000227754392 	   21.686797427148765 	    0.860728743660570 	    0.984337530749150 	    0.742714104716660 	    0.579448227921383	   37.332882801526079 	    0.015662469250850
0.500 	    1.107300740192551 	    0.035503970468061 	    0.760613991555714 	    0.500000228995936 	   21.492842119795004 	    0.864254368007031 	    0.983445914510891 	    0.739086676083244 	    0.584677275327914	   37.150548351187500 	    0.016554085489109
0.500 	    1.107882772495307 	    0.036086002770816 	    0.759108888461776 	    0.500000230184908 	   21.303139034399773 	    0.867684922652287 	    0.982518095893919 	    0.735471068095465 	    0.589883790329914	   36.968808071304834 	    0.017481904106081
0.500 	    1.108464804798062 	    0.036668035073571 	    0.757653476427677 	    0.500000231322657 	   21.117564177550991 	    0.871021679604518 	    0.981553204653376 	    0.731867946352035 	    0.595067514533250	   36.787695418518413 	    0.018446795346624
0.500 	    1.109046837100817 	    0.037250067376326 	    0.756246404201845 	    0.500000232410497 	   20.935997350268344 	    0.874265943095321 	    0.980550368014605 	    0.728277938072719 	    0.600228221528266	   36.607241920332400 	    0.019449631985395
0.500 	    1.109628869403572 	    0.037832099679081 	    0.754886354736397 	    0.500000233449702 	   20.758322075305795 	    0.877419044850258 	    0.979508711645391 	    0.724701633549344 	    0.605365714820426	   36.427477248050278 	    0.020491288354609
0.500 	    1.110210901706327 	    0.038414131981836 	    0.753572045020442 	    0.500000234441509 	   20.584425519290111 	    0.880482339709195 	    0.978427360756092 	    0.721139587588950 	    0.610479825863526	   36.248429289315516 	    0.021572639243908
0.500 	    1.110792934009082 	    0.038996164284591 	    0.752302225820721 	    0.500000235387120 	   20.414198410704069 	    0.883457201559518 	    0.977305441284428 	    0.717592320926403 	    0.615570412193782	   36.070124219117400 	    0.022694558715572
0.500 	    1.111374966311837 	    0.039578196587346 	    0.751075681334146 	    0.500000236287701 	   20.247534954617051 	    0.886345019585201 	    0.976142081214015 	    0.714060321618189 	    0.620637355662463	   35.892586569850683 	    0.023857918785985
0.500 	    1.111956998614592 	    0.040160228890101 	    0.749891228769869 	    0.500000237144381 	   20.084332744964038 	    0.889147194801670 	    0.974936411998747 	    0.710544046402381 	    0.625680560764382	   35.715839299674954 	    0.025063588001253
0.500 	    1.112539030917347 	    0.040742261192856 	    0.748747717867546 	    0.500000237958258 	   19.924492675081683 	    0.891865136869585 	    0.973687570118498 	    0.707043922029485 	    0.630699953059206	   35.539903859410291 	    0.026312429881502
0.500 	    1.113121063220102 	    0.041324293495612 	    0.747644030363850 	    0.500000238730395 	   19.767918847125032 	    0.894500261165912 	    0.972394698755588 	    0.703560346557107 	    0.635695477682316	   35.364800257614356 	    0.027605301244412
0.500 	    1.113703095522857 	    0.041906325798367 	    0.746579079415120 	    0.500000239461821 	   19.614518480911366 	    0.897053986098555 	    0.971056949598615 	    0.700093690608142 	    0.640667097941793	   35.190547123825651 	    0.028943050401385
0.500 	    1.114285127825613 	    0.042488358101122 	    0.745551808983127 	    0.500000240153535 	   19.464201822667145 	    0.899527730651421 	    0.969673484779938 	    0.696644298592602 	    0.645614793997952	   35.017161769979711 	    0.030326515220062
0.500 	    1.114867160128368 	    0.043070390403877 	    0.744561193191332 	    0.500000240806505 	   19.316882054090355 	    0.901922912144386 	    0.968243478945262 	    0.693212489891315 	    0.650538561621844	   34.844660249907928 	    0.031756521054738
0.500 	    1.115449192431123 	    0.043652422706632 	    0.743606235658601 	    0.500000241421668 	   19.172475202083517 	    0.904240944192415 	    0.966766121450729 	    0.689798559999513 	    0.655438411029050	   34.673057416820588 	    0.033233878549271
0.500 	    1.116031224733878 	    0.044234455009387 	    0.742685968814289 	    0.500000241999933 	   19.030900049460221 	    0.906483234854316 	    0.965240618695654 	    0.686402781632949 	    0.660314365785201	   34.502366978906725 	    0.034759381304346
0.500 	    1.116613257036633 	    0.044816487312142 	    0.741799453200828 	    0.500000242542180 	   18.892078046883118 	    0.908651184955415 	    0.963666196581142 	    0.683025405794222 	    0.665166461779585	   34.332601552933022 	    0.036333803418858
0.500 	    1.117195289339388 	    0.045398519614897 	    0.740945776767134 	    0.500000243049260 	   18.755933226248199 	    0.910746186574495 	    0.962042103096869 	    0.679666662801304 	    0.669994746263394	   34.163772715943485 	    0.037957896903131
0.500 	    1.117777321642143 	    0.045980551917652 	    0.740124054157285 	    0.500000243522000 	   18.622392115695603 	    0.912769621681879 	    0.960367611026698 	    0.676326763277407 	    0.674799276949130	   33.995891055015430 	    0.039632388973302
0.500 	    1.118359353944898 	    0.046562584220407 	    0.739333425997011 	    0.500000243961198 	   18.491383656391957 	    0.914722860919786 	    0.958642020771303 	    0.673005899104132 	    0.679580121167893	   33.828966215170175 	    0.041357979228697
0.500 	    1.118941386247653 	    0.047144616523162 	    0.738573058181190 	    0.500000244367630 	   18.362839121203868 	    0.916607262513972 	    0.956864663277556 	    0.669704244338024 	    0.684337355081273	   33.663006945443840 	    0.043135336722444
0.500 	    1.119523418550408 	    0.047726648825918 	    0.737842141164801 	    0.500000244742046 	   18.236692035351965 	    0.918424171307184 	    0.955034903064712 	    0.666421956091271 	    0.689071062944840	   33.498021143156451 	    0.044965096935288
0.500 	    1.120105450853163 	    0.048308681128673 	    0.737139889258669 	    0.500000245085171 	   18.112878099118027 	    0.920174917907431 	    0.953152141340912 	    0.663159175378983 	    0.693781336420150	   33.334015896500474 	    0.046847858659088
0.500 	    1.120687483155919 	    0.048890713431428 	    0.736465539933147 	    0.500000245397711 	   17.991335112653668 	    0.921860817939422 	    0.951215819187656 	    0.659916027931510 	    0.698468273932497	   33.170997525372618 	    0.048784180812344
0.500 	    1.121269515458674 	    0.049472745734183 	    0.735818353129370 	    0.500000245680345 	   17.872002902924268 	    0.923483171396012 	    0.949225420809003 	    0.656692624976243 	    0.703131980071667	   33.008971620671400 	    0.050774579190997
0.500 	    1.121851547761429 	    0.050054778036938 	    0.735197610580338 	    0.500000245933735 	   17.754823252806667 	    0.925043262079949 	    0.947180476821812 	    0.653489063988163 	    0.707772565033089	   32.847943082023734 	    0.052819523178188
0.500 	    1.122433580064184 	    0.050636810339693 	    0.734602615142770 	    0.500000246158521 	   17.639739832345834 	    0.926542357129396 	    0.945080567568298 	    0.650305429410391 	    0.712390144096951	   32.687916154003856 	    0.054919432431702
0.500 	    1.123015612366939 	    0.051218842642448 	    0.734032690139376 	    0.500000246355320 	   17.526698132165734 	    0.927981706623940 	    0.942925326437946 	    0.647141793347982 	    0.716984837142904	   32.528894461007120 	    0.057074673562054
0.500 	    1.123597644669694 	    0.051800874945203 	    0.733487178713485 	    0.500000246524735 	   17.415645399018685 	    0.929362543262016 	    0.940714443167237 	    0.643998216233731 	    0.721556768198186	   32.370881040717129 	    0.059285556832763
0.500 	    1.124179676972449 	    0.052382907247958 	    0.732965443194568 	    0.500000246667345 	   17.306530573451350 	    0.930686082109338 	    0.938447667106341 	    0.640874747470610 	    0.726106065017033	   32.213878376398105 	    0.061552332893659
0.500 	    1.124761709275204 	    0.052964939550713 	    0.732466864476693 	    0.500000246783716 	   17.199304229557576 	    0.931953520409081 	    0.936124810415370 	    0.637771426048919 	    0.730632858689406	   32.057888427916295 	    0.063875189584630
0.500 	    1.125343741577959 	    0.053546971853468 	    0.731990841407818 	    0.500000246874392 	   17.093918516782922 	    0.933166037455100 	    0.933745751179327 	    0.634688281143297 	    0.735137283277185	   31.902912661749057 	    0.066254248820673
0.500 	    1.125925773880714 	    0.054129004156224 	    0.731536790190786 	    0.500000246939902 	   16.990327103741226 	    0.934324794522145 	    0.931310436408915 	    0.631625332689325 	    0.739619475476063	   31.748952079967880 	    0.068689563591085
0.500 	    1.126507806183469 	    0.054711036458979 	    0.731104143795976 	    0.500000246980759 	   16.888485124000464 	    0.935430934849247 	    0.928818884898936 	    0.628582591940812 	    0.744079574301452	   31.596007248250992 	    0.071181115101064
0.500 	    1.127089838486225 	    0.055293068761734 	    0.730692351383659 	    0.500000246997460 	   16.788349123790535 	    0.936485583677644 	    0.926271189929077 	    0.625560062012038 	    0.748517720796906	   31.444078323139093 	    0.073728810070923
0.500 	    1.127671870788980 	    0.055875101064489 	    0.730300877736625 	    0.500000246990487 	   16.689877011585575 	    0.937489848338128 	    0.923667521773376 	    0.622557738404614 	    0.752934057763517	   31.293165078518565 	    0.076332478226624
0.500 	    1.128253903091735 	    0.056457133367244 	    0.729929202701042 	    0.500000246960306 	   16.593028009509209 	    0.938444818389545 	    0.921008130003289 	    0.619575609522951 	    0.757328729508986	   31.143266931531557 	    0.078991869996711
0.500 	    1.128835935394490 	    0.057039165669999 	    0.729576820635538 	    0.500000246907370 	   16.497762606512138 	    0.939351565805131 	    0.918293345555414 	    0.616613657178741 	    0.761701881615019	   30.994382967933879 	    0.081706654444586
0.500 	    1.129417967697245 	    0.057621197972754 	    0.729243239866666 	    0.500000246832117 	   16.404042513269057 	    0.940211145208109 	    0.915523582548843 	    0.613671857087747 	    0.766053660721867	   30.846511967066727 	    0.084476417451157
0.500 	    1.130000000000000 	    0.058203230275509 	    0.728927982148305 	    0.500000246734973 	   16.311830618742633 	    0.941024594159750 	    0.912699339843369 	    0.610750179363134 	    0.770384214328854	   30.699652426653923 	    0.087300660156631
