#1:j_ID 	 2:sig1 3:Delta_sigma 	 4:MB 	 5:J 	 6:Area 	 7:j_B 	 8:eps 	 9: Penrose_inequality(A/(16*Pi*MB^2)) 	 10:8*pi*J/A 	 11: A/MB^2 	12:1-eps 	 13:J_NB 	14:H(0) 
0.500 	    1.071796769724491 	    0.000000000000000 	    1.000000000137802 	    0.500000000000000 	   46.898333599528685 	    0.499999999862198 	    0.999999999681754 	    0.933012701635072 	    0.267949192431124	   46.898333586603328 	    0.000000000318246
0.500 	    1.071796769724491 	    0.000000000000000 	    1.000000000137802 	    0.500000000000000 	   46.898333599528685 	    0.499999999862198 	    0.999999999681754 	    0.933012701635072 	    0.267949192431124	   46.898333586603328 	    0.000000000318246
0.500 	    1.071506931238266 	   -0.000289838486224 	    1.003234020760224 	    0.499999996651224 	   47.248959925015558 	    0.496781596871849 	    0.999999870295689 	    0.933937675388541 	    0.265960786229754	   46.944827838581891 	    0.000000129704311
0.500 	    1.071217092752042 	   -0.000579676972449 	    1.006480381630148 	    0.499999993284450 	   47.601650883519098 	    0.493582064842865 	    0.999999490367500 	    0.934849137018816 	    0.263990223287188	   46.990642897169112 	    0.000000509632500
0.500 	    1.070927254265817 	   -0.000869515458673 	    1.009738713490010 	    0.499999989900030 	   47.956381552869323 	    0.490401715353829 	    0.999998876181266 	    0.935747200702354 	    0.262037500612207	   47.035784501499667 	    0.000001123818734
0.500 	    1.070637415779593 	   -0.001159353944898 	    1.013008650252145 	    0.499999986498316 	   48.313126954646726 	    0.487240841777450 	    0.999998042594816 	    0.936631984060980 	    0.260102607037242	   47.080258563891304 	    0.000001957405184
0.500 	    1.070347577293368 	   -0.001449192431123 	    1.016289829433676 	    0.499999983079659 	   48.671862084929046 	    0.484099719368660 	    0.999997002832851 	    0.937503607720118 	    0.258185523438104	   47.124071147639219 	    0.000002997167149
0.500 	    1.070057738807144 	   -0.001739030917347 	    1.019581892581020 	    0.499999979644410 	   49.032561944024486 	    0.480978605380812 	    0.999995768271772 	    0.938362194858942 	    0.256286222961654	   47.167228444403932 	    0.000004231728228
0.500 	    1.069767900320919 	   -0.002028869403572 	    1.022884485680403 	    0.499999976192915 	   49.395201565145096 	    0.477877739211550 	    0.999994348224061 	    0.939207870759599 	    0.254404671260399	   47.209736751553111 	    0.000005651775939
0.500 	    1.069478061834695 	   -0.002318707889796 	    1.026197259543562 	    0.499999972725521 	   49.759756041980801 	    0.474797342586315 	    0.999992749745770 	    0.940040762375822 	    0.252540826733051	   47.251602450477315 	    0.000007250254230
0.500 	    1.069188223348470 	   -0.002608546376021 	    1.029519870163400 	    0.499999969242567 	   50.126200555141243 	    0.471737619781693 	    0.999990977477683 	    0.940860997930790 	    0.250694640770089	   47.292831986376493 	    0.000009022522317
0.500 	    1.068898384862246 	   -0.002898384862245 	    1.032851979026294 	    0.499999965744390 	   50.494510397438953 	    0.468698757897804 	    0.999989033548089 	    0.941668706568697 	    0.248866058003389	   47.333431850745948 	    0.000010966451911
0.500 	    1.068608546376021 	   -0.003188223348470 	    1.036193253373367 	    0.499999962231319 	   50.864660997993633 	    0.465680927183077 	    0.999986917551900 	    0.942464018073911 	    0.247055016559028	   47.373408567259449 	    0.000013082448100
0.500 	    1.068318707889796 	   -0.003478061834694 	    1.039543366399744 	    0.499999958703678 	   51.236627945143087 	    0.462684281417310 	    0.999984626627576 	    0.943247062677311 	    0.245261448312400	   47.412768682035062 	    0.000015373372424
0.500 	    1.068028869403572 	   -0.003767900320919 	    1.042901997386089 	    0.499999955161785 	   51.610387008151975 	    0.459708958353651 	    0.999982155641228 	    0.944017970959613 	    0.243485279144817	   47.451518758775426 	    0.000017844358772
0.500 	    1.067739030917347 	   -0.004057738807144 	    1.046268831750049 	    0.499999951605953 	   51.985914157714944 	    0.456755080225765 	    0.999979497501355 	    0.944776873873252 	    0.241726429200807	   47.489665379867809 	    0.000020502498645
0.500 	    1.067449192431123 	   -0.004347577293368 	    1.049643561019886 	    0.499999948036492 	   52.363185585255204 	    0.453822754313151 	    0.999976643595550 	    0.945523902877660 	    0.239984813145369	   47.527215153184113 	    0.000023356404450
0.500 	    1.067159353944898 	   -0.004637415779593 	    1.053025882722247 	    0.499999944453713 	   52.742177721024773 	    0.450912073566807 	    0.999973584362991 	    0.946259190201449 	    0.238260340420478	   47.564174725259201 	    0.000026415637009
0.500 	    1.066869515458674 	   -0.004927254265817 	    1.056415500185930 	    0.499999940857939 	   53.122867251016512 	    0.448023117288709 	    0.999970309995098 	    0.946982869226919 	    0.236552915500181	   47.600550800618748 	    0.000029690004902
0.500 	    1.066579676972449 	   -0.005217092752042 	    1.059812122261502 	    0.499999937249505 	   53.505231132702133 	    0.445155951860645 	    0.999966811261404 	    0.947695074996045 	    0.234862438143673	   47.636350167212832 	    0.000033188738596
0.500 	    1.066289838486225 	   -0.005506931238266 	    1.063215462962427 	    0.499999933628774 	   53.889246609613760 	    0.442310631513280 	    0.999963080445647 	    0.948395944826661 	    0.233188803645782	   47.671579727388600 	    0.000036919554353
0.500 	    1.066000000000000 	   -0.005796769724491 	    1.066625241030939 	    0.499999929996151 	   54.274891224792383 	    0.439487199128971 	    0.999959112382981 	    0.949085619032207 	    0.231531903084319	   47.706246534068828 	    0.000040887617019
0.500 	    1.065581157357552 	   -0.006215612366939 	    1.071559040743439 	    0.499999924730204 	   54.835015634253472 	    0.435449432990435 	    0.999962177375971 	    0.950070660546935 	    0.229166866777970	   47.755760121047231 	    0.000037822624029
0.500 	    1.065063189660307 	   -0.006733580064184 	    1.077680833534357 	    0.499999918181729 	   55.532244896399361 	    0.430516315913476 	    0.999957373994064 	    0.951250847720177 	    0.226289583313001	   47.815082798700337 	    0.000042626005936
0.500 	    1.064545221963062 	   -0.007251547761429 	    1.083819189564162 	    0.499999911599113 	   56.234385235787364 	    0.425653545539071 	    0.999952524430578 	    0.952397888912500 	    0.223464137465227	   47.872739377631026 	    0.000047475569422
0.500 	    1.064027254265817 	   -0.007769515458673 	    1.089972660880338 	    0.499999904983977 	   56.941319253483766 	    0.420861028267016 	    0.999947657566454 	    0.953512651398318 	    0.220689797691633	   47.928773451806103 	    0.000052342433546
0.500 	    1.063509286568572 	   -0.008287483155918 	    1.096139862884248 	    0.499999898337895 	   57.652933267082541 	    0.416138571802488 	    0.999942799066722 	    0.954595997696003 	    0.217965805852357	   47.983228376127693 	    0.000057200933278
0.500 	    1.062991318871328 	   -0.008805450853163 	    1.102319473991466 	    0.499999891662394 	   58.369117404941462 	    0.411485892618342 	    0.999937971634377 	    0.955648783483819 	    0.215291380960205	   48.036147161676610 	    0.000062028365623
0.500 	    1.062473351174083 	   -0.009323418550408 	    1.108510235009945 	    0.499999884958949 	   59.089765674106538 	    0.406902623233852 	    0.999933195261317 	    0.956671855740051 	    0.212665722730541	   48.087572382224952 	    0.000066804738683
0.500 	    1.061955383476838 	   -0.009841386247653 	    1.114710948281173 	    0.499999878228985 	   59.814776004121706 	    0.402388319264688 	    0.999928487451369 	    0.957666051077135 	    0.210088014925507	   48.137546090500403 	    0.000071512548631
0.500 	    1.061437415779593 	   -0.010359353944898 	    1.120920476605341 	    0.499999871473879 	   60.544050268910229 	    0.397942466223011 	    0.999923863436506 	    0.958632194278255 	    0.207557428489358	   48.186109744627677 	    0.000076136563494
0.500 	    1.060919448082348 	   -0.010877321642143 	    1.127137741984184 	    0.499999864694959 	   61.277494288874345 	    0.393564486041794 	    0.999919336378585 	    0.959571097019124 	    0.205073124474252	   48.233304143878037 	    0.000080663621415
0.500 	    1.060401480385103 	   -0.011395289339388 	    1.133361724212782 	    0.499999857893502 	   62.015017815295966 	    0.389253743303915 	    0.999914917550730 	    0.960483556758350 	    0.202634256757947	   48.279169372893246 	    0.000085082449270
0.500 	    1.059883512687858 	   -0.011913257036633 	    1.139591459338235 	    0.499999851070739 	   62.756534499038418 	    0.385009551169660 	    0.999910616514675 	    0.961370355799019 	    0.200239974556771	   48.323744754515264 	    0.000089383485325
0.500 	    1.059365544990613 	   -0.012431224733878 	    1.145826038016641 	    0.499999844227853 	   63.501961845452041 	    0.380831176989758 	    0.999906441280199 	    0.962232260497342 	    0.197889424738743	   48.367068810008781 	    0.000093558719801
0.500 	    1.058847577293368 	   -0.012949192431123 	    1.152064603788741 	    0.499999837365980 	   64.251221157278212 	    0.376717847601646 	    0.999902398450724 	    0.963070020609963 	    0.195581753943006	   48.409179226253282 	    0.000097601549276
0.500 	    1.058329609596123 	   -0.013467160128367 	    1.158306351289700 	    0.499999830486211 	   65.004237467231094 	    0.372668754311745 	    0.999898493364211 	    0.963884368776252 	    0.193316110512760	   48.450112829720121 	    0.000101506635789
0.500 	    1.057811641898878 	   -0.013985127825612 	    1.164550524419263 	    0.499999823589592 	   65.760939461817283 	    0.368683057561094 	    0.999894730214613 	    0.964676020110887 	    0.191091646249647	   48.489905565993632 	    0.000105269785387
0.500 	    1.057293674201634 	   -0.014503095522857 	    1.170796414479369 	    0.499999816677128 	   66.521259397831930 	    0.364759891285571 	    0.999891112171562 	    0.965445671911323 	    0.188907517998110	   48.528592485066798 	    0.000108887828438
0.500 	    1.056775706504389 	   -0.015021063220102 	    1.177043358301485 	    0.499999809749779 	   67.285133012850188 	    0.360898366972812 	    0.999887641484146 	    0.966194003456748 	    0.186762889068669	   48.566207731235682 	    0.000112358515854
0.500 	    1.056257738807144 	   -0.015539030917347 	    1.183290736370419 	    0.499999802808466 	   68.052499430913817 	    0.357097577428589 	    0.999884319580266 	    0.966921675898571 	    0.184656930509255	   48.602784537594890 	    0.000115680419734
0.500 	    1.055739771109899 	   -0.016056998614592 	    1.189537970960448 	    0.499999795854070 	   68.823301064498692 	    0.353356600259911 	    0.999881147153368 	    0.967629332225372 	    0.182588822233848	   48.638355224275611 	    0.000118852846632
0.500 	    1.055221803412654 	   -0.016574966311837 	    1.195784524288960 	    0.499999788887436 	   69.597483513739099 	    0.349674501088803 	    0.999878124244987 	    0.968317597300767 	    0.180557754017658	   48.672951200348969 	    0.000121875755013
0.500 	    1.054703835715409 	   -0.017092934009082 	    1.202029896698473 	    0.499999781909369 	   70.374995463779991 	    0.346050336507134 	    0.999875250318702 	    0.968987077961683 	    0.178562926367950	   48.706602968765796 	    0.000124749681298
0.500 	    1.054185868018164 	   -0.017610901706327 	    1.208273624873697 	    0.499999774920640 	   71.155788581030576 	    0.342483156785145 	    0.999872524326438 	    0.969638363169902 	    0.176603551279424	   48.739340133974348 	    0.000127475673562
0.500 	    1.053667900320919 	   -0.018128869403572 	    1.214515280097020 	    0.499999767921988 	   71.939817409000243 	    0.338972008347871 	    0.999869944771774 	    0.970272024213757 	    0.174678852882804	   48.771191412058192 	    0.000130055228226
0.500 	    1.053149932623674 	   -0.018646837100817 	    1.220754466551250 	    0.499999760914116 	   72.727039264313105 	    0.335515936029974 	    0.999867509763339 	    0.970888614946858 	    0.172788067994977	   48.802184642736285 	    0.000132490236661
0.500 	    1.052631964926429 	   -0.019164804798061 	    1.226990819669658 	    0.499999753897697 	   73.517414133418077 	    0.332113985124035 	    0.999865217065367 	    0.971488672064032 	    0.170930446578663	   48.832346803233071 	    0.000134782934633
0.500 	    1.052113997229184 	   -0.019682772495306 	    1.233224004537465 	    0.499999746873374 	   74.310904570439892 	    0.328765203234304 	    0.999863064143553 	    0.972072715407090 	    0.169105252119242	   48.861704023647919 	    0.000136935856447
0.500 	    1.051596029531940 	   -0.020200740192551 	    1.239453714346772 	    0.499999739841760 	   75.107475596550096 	    0.325468641948482 	    0.999861048206939 	    0.972641248295863 	    0.167311761925955	   48.890281603595025 	    0.000138951793061
0.500 	    1.051078061834695 	   -0.020718707889796 	    1.245679668908086 	    0.499999732803442 	   75.907094601177833 	    0.322223358338798 	    0.999859166243370 	    0.973194757877537 	    0.165549267364295	   48.918104029762674 	    0.000140833756630
0.500 	    1.050560094137450 	   -0.021236675587041 	    1.251901613216843 	    0.499999725758980 	   76.709731245326030 	    0.319028416305512 	    0.999857415053270 	    0.973733715494354 	    0.163817074026006	   48.945194994396094 	    0.000142584946730
0.500 	    1.050042126440205 	   -0.021754643284286 	    1.258119316076835 	    0.499999718708906 	   77.515357367210446 	    0.315882887773330 	    0.999855791279538 	    0.974258577063834 	    0.162114501842683	   48.971577414409397 	    0.000144208720462
0.500 	    1.049524158742960 	   -0.022272610981531 	    1.264332568779983 	    0.499999711653731 	   78.323946890395765 	    0.312785853751823 	    0.999854291434833 	    0.974769783469226 	    0.160440885148600	   48.997273451011736 	    0.000145708565167
0.500 	    1.049006191045715 	   -0.022790578678776 	    1.270541183842998 	    0.499999704593941 	   79.135475734564517 	    0.309736405269721 	    0.999852911925056 	    0.975267760956012 	    0.158795572697953	   49.022304529637971 	    0.000147088074944
0.500 	    1.048488223348470 	   -0.023308546376021 	    1.276744993799558 	    0.499999697530002 	   79.949921729021073 	    0.306733644193206 	    0.999851649070502 	    0.975752921533081 	    0.157177927641391	   49.046691360113691 	    0.000148350929498
0.500 	    1.047970255651225 	   -0.023826514073266 	    1.282943850046623 	    0.499999690462356 	   80.767264529001987 	    0.303776683937674 	    0.999850499125692 	    0.976225663377073 	    0.155587327466282	   49.070453956979769 	    0.000149500874308
0.500 	    1.047452287953980 	   -0.024344481770511 	    1.289137621744136 	    0.499999683391425 	   81.587485534839740 	    0.300864650081460 	    0.999849458297419 	    0.976686371237346 	    0.154023163904857	   49.093611659848312 	    0.000150541702581
0.500 	    1.046934320256735 	   -0.024862449467756 	    1.295326194769503 	    0.499999676317615 	   82.410567814002054 	    0.297996680888479 	    0.999848522756894 	    0.977135416835833 	    0.152484842814036	   49.116183153501657 	    0.000151477243106
0.500 	    1.046416352559490 	   -0.025380417165000 	    1.301509470719344 	    0.499999669241311 	   83.236496026011251 	    0.295171927750318 	    0.999847688656049 	    0.977573159269522 	    0.150971784030405	   49.138186488123097 	    0.000152311343951
0.500 	    1.045898384862246 	   -0.025898384862245 	    1.307687365962874 	    0.499999662162880 	   84.065256350230168 	    0.292389555552153 	    0.999846952138535 	    0.977999945405317 	    0.149483421203555	   49.159639099144981 	    0.000153047861465
0.500 	    1.045380417165001 	   -0.026416352559490 	    1.313859810742346 	    0.499999655082674 	   84.896836416487307 	    0.289648742970592 	    0.999846309350352 	    0.978416110270674 	    0.148019201610684	   49.180557826884007 	    0.000153690649648
0.500 	    1.044862449467756 	   -0.026934320256735 	    1.320026748319791 	    0.499999648001028 	   85.731225238501357 	    0.286948682709243 	    0.999845756448800 	    0.978821977437708 	    0.146578585955128	   49.200958935848620 	    0.000154243551200
0.500 	    1.044344481770511 	   -0.027452287953980 	    1.326188134168086 	    0.499999640918264 	   86.568413150056508 	    0.284288581677923 	    0.999845289610266 	    0.979217859400380 	    0.145161048151229	   49.220858133698506 	    0.000154710389734
0.500 	    1.043826514073266 	   -0.027970255651225 	    1.332343935203037 	    0.499999633834685 	   87.408391743869241 	    0.281667661121540 	    0.999844905039423 	    0.979604057946435 	    0.143766075097732	   49.240270589940310 	    0.000155094960577
0.500 	    1.043308546376021 	   -0.028488223348470 	    1.338494129059133 	    0.499999626750586 	   88.251153813083598 	    0.279085156701715 	    0.999844598973022 	    0.979980864517068 	    0.142393166441697	   49.259210954006325 	    0.000155401026978
0.500 	    1.042790578678776 	   -0.029006191045715 	    1.344638703402100 	    0.499999619666245 	   89.096693295324010 	    0.276540318537973 	    0.999844367686493 	    0.980348560561519 	    0.141041834334708	   49.277693373078321 	    0.000155632313507
0.500 	    1.042272610981531 	   -0.029524158742960 	    1.350777655279174 	    0.499999612581929 	   89.945005219231769 	    0.274032411211573 	    0.999844207499214 	    0.980707417882317 	    0.139711603182988	   49.295731509441619 	    0.000155792500786
0.500 	    1.041754643284286 	   -0.030042126440205 	    1.356910990505841 	    0.499999605497894 	   90.796085653409039 	    0.271560713735709 	    0.999844114777940 	    0.981057698970372 	    0.138402009392880	   49.313338557328459 	    0.000155885222060
0.500 	    1.041236675587041 	   -0.030560094137450 	    1.363038723086479 	    0.499999598414382 	   91.649931657689586 	    0.269124519496067 	    0.999844085939820 	    0.981399657331019 	    0.137112601112970	   49.330527259306728 	    0.000155914060180
0.500 	    1.040718707889796 	   -0.031078061834694 	    1.369160874666169 	    0.499999591331627 	   92.506541236658125 	    0.266723136165465 	    0.999844117456823 	    0.981733537802574 	    0.135842937974022	   49.347309922292519 	    0.000155882543177
0.500 	    1.040200740192551 	   -0.031596029531939 	    1.375277474014327 	    0.499999584249852 	   93.365913295334404 	    0.264355885594681 	    0.999844205858157 	    0.982059576864070 	    0.134592590827752	   49.363698433018597 	    0.000155794141843
0.500 	    1.039682772495307 	   -0.032113997229184 	    1.381388556538229 	    0.499999577169270 	   94.228047596942482 	    0.262022103682438 	    0.999844347731429 	    0.982378002932839 	    0.133361141485347	   49.379704272992316 	    0.000155652268571
0.500 	    1.039164804798062 	   -0.032631964926429 	    1.387494163823159 	    0.499999570090085 	   95.092944722684682 	    0.259721140227754 	    0.999844539725292 	    0.982689036654506 	    0.132148182456556	   49.395338533072450 	    0.000155460274708
0.500 	    1.038646837100817 	   -0.033149932623674 	    1.393594343198823 	    0.499999563012494 	   95.960606033438557 	    0.257452358766544 	    0.999844778551984 	    0.982992891183951 	    0.130953316690042	   49.410611927591844 	    0.000155221448016
0.500 	    1.038128869403572 	   -0.033667900320919 	    1.399689147332566 	    0.499999555936682 	   96.831033633299853 	    0.255215136393862 	    0.999845060986989 	    0.983289772454659 	    0.129776157315635	   49.425534807896556 	    0.000154939013011
0.500 	    1.037610901706327 	   -0.034185868018164 	    1.405778633844318 	    0.499999548862829 	   97.704230334893289 	    0.253008863575121 	    0.999845383871450 	    0.983579879441923 	    0.128616327389026	   49.440117175575697 	    0.000154616128550
0.500 	    1.037092934009082 	   -0.034703835715409 	    1.411862864944683 	    0.499999541791107 	   98.580199626377391 	    0.250832943947011 	    0.999845744113402 	    0.983863404416264 	    0.127473459639366	   49.454368695199661 	    0.000154255886598
0.500 	    1.036574966311837 	   -0.035221803412654 	    1.417941907094914 	    0.499999534721680 	   99.458945640064709 	    0.248686794109738 	    0.999846138687899 	    0.984140533187300 	    0.126347196220201	   49.468298706578610 	    0.000153861312101
0.500 	    1.036056998614592 	   -0.035739771109899 	    1.424015830686593 	    0.499999527654707 	  100.340473122593218 	    0.246569843412388 	    0.999846564637653 	    0.984411445339765 	    0.125237188464060	   49.481916236625837 	    0.000153435362347
0.500 	    1.035539030917347 	   -0.036257738807144 	    1.430084709739256 	    0.499999520590339 	  101.224787406573223 	    0.244481533732923 	    0.999847019075099 	    0.984676314462715 	    0.124143096641013	   49.495230010879009 	    0.000152980924901
0.500 	    1.035021063220102 	   -0.036775706504388 	    1.436148621618006 	    0.499999513528721 	  102.111894383645538 	    0.242421319252906 	    0.999847499181431 	    0.984935308367875 	    0.123064589721440	   49.508248464475430 	    0.000152500818569
0.500 	    1.034503095522857 	   -0.037293674201633 	    1.442207646766432 	    0.499999506469992 	  103.001800478886623 	    0.240388666229296 	    0.999848002208015 	    0.985188589302473 	    0.122001345143215	   49.520979752850238 	    0.000151997791985
0.500 	    1.033985127825613 	   -0.037811641898878 	    1.448261868456379 	    0.499999499414288 	  103.894512626493770 	    0.238383052763385 	    0.999848525476512 	    0.985436314153259 	    0.120953048583468	   49.533431761991705 	    0.000151474523488
0.500 	    1.033467160128368 	   -0.038329609596123 	    1.454311372552473 	    0.499999492361737 	  104.790038246698377 	    0.236403968568151 	    0.999849066379545 	    0.985678634643691 	    0.119919393735062	   49.545612118352589 	    0.000150933620455
0.500 	    1.032949192431123 	   -0.038847577293368 	    1.460356247291231 	    0.499999485312462 	  105.688385223839717 	    0.234450914734546 	    0.999849622380857 	    0.985915697523460 	    0.118900082087884	   49.557528198376951 	    0.000150377619143
0.500 	    1.032431224733878 	   -0.039365544990613 	    1.466396583073344 	    0.499999478266584 	  106.589561885549907 	    0.232523403497612 	    0.999850191015866 	    0.986147644751468 	    0.117894822715017	   49.569187137697446 	    0.000149808984134
0.500 	    1.031913257036633 	   -0.039883512687858 	    1.472432472268796 	    0.499999471224217 	  107.493576982996175 	    0.230620958002874 	    0.999850769892036 	    0.986374613671891 	    0.116903332063850	   49.580595839985325 	    0.000149230107964
0.500 	    1.031395289339388 	   -0.040401480385103 	    1.478464009033911 	    0.499999464185473 	  108.400439672126937 	    0.228743112073623 	    0.999851356689281 	    0.986596737183762 	    0.115925333752152	   49.591760985474668 	    0.000148643310719
0.500 	    1.030877321642143 	   -0.040919448082348 	    1.484491289140433 	    0.499999457150457 	  109.310159495874677 	    0.226889409979306 	    0.999851949159336 	    0.986814143903262 	    0.114960558369109	   49.602689039119835 	    0.000148050840664
0.500 	    1.030359353944898 	   -0.041437415779593 	    1.490514409813805 	    0.499999450119274 	  110.222746367268577 	    0.225059406206138 	    0.999852545127148 	    0.987026958321852 	    0.114008743281331	   49.613386258544130 	    0.000147454872852
0.500 	    1.029841386247653 	   -0.041955383476838 	    1.496533469582904 	    0.499999443092023 	  111.138210553411787 	    0.223252665229398 	    0.999853142490262 	    0.987235300956593 	    0.113069632443793	   49.623858701595858 	    0.000146857509738
0.500 	    1.029323418550408 	   -0.042473351174082 	    1.502548568138340 	    0.499999436068800 	  112.056562660281538 	    0.221468761288457 	    0.999853739219451 	    0.987439288495986 	    0.112142976215675	   49.634112233678771 	    0.000146260780549
0.500 	    1.028805450853163 	   -0.042991318871327 	    1.508559806201183 	    0.499999429049698 	  112.977813618310451 	    0.219707278164090 	    0.999854333357250 	    0.987639033938304 	    0.111228531181067	   49.644152534705547 	    0.000145666642750
0.500 	    1.028287483155919 	   -0.043509286568572 	    1.514567285397293 	    0.499999422034808 	  113.901974668711231 	    0.217967808959593 	    0.999854923020311 	    0.987834646728313 	    0.110326059974459	   49.653985105970164 	    0.000145076979689
0.500 	    1.027769515458674 	   -0.044027254265817 	    1.520571108143650 	    0.499999415024218 	  114.829057350506803 	    0.216249955883879 	    0.999855506396162 	    0.988026232883511 	    0.109435331110978	   49.663615276493391 	    0.000144493603838
0.500 	    1.027251547761429 	   -0.044545221963062 	    1.526571377538393 	    0.499999408018012 	  115.759073488232825 	    0.214553330039041 	    0.999856081745066 	    0.988213895120377 	    0.108556118821273	   49.673048209368473 	    0.000143918254934
0.500 	    1.026733580064184 	   -0.045063189660307 	    1.532568197260888 	    0.499999401016273 	  116.692035180274052 	    0.212877551210550 	    0.999856647397775 	    0.988397732971904 	    0.107688202890992	   49.682288907669441 	    0.000143352602225
0.500 	    1.026215612366939 	   -0.045581157357552 	    1.538561671476878 	    0.499999394019082 	  117.627954787810262 	    0.211222247661538 	    0.999857201755365 	    0.988577842902623 	    0.106831368504758	   49.691342220232410 	    0.000142798244635
0.500 	    1.025697644669694 	   -0.046099125054797 	    1.544551904750964 	    0.499999387026516 	  118.566844924335161 	    0.209587055930497 	    0.999857743287592 	    0.988754318417779 	    0.105985406094550	   49.700212847143621 	    0.000142256712408
0.500 	    1.025179676972449 	   -0.046617092752042 	    1.550539001964344 	    0.499999380038652 	  119.508718445721049 	    0.207971620632981 	    0.999858270532033 	    0.988927250169068 	    0.105150111192419	   49.708905345054395 	    0.000141729467967
0.500 	    1.024661709275204 	   -0.047135060449287 	    1.556523068239865 	    0.499999373055564 	  120.453588440803688 	    0.206375594266691 	    0.999858782090878 	    0.989096726054040 	    0.104325284287421	   49.717424132177414 	    0.000141217909122
0.500 	    1.024143741577959 	   -0.047653028146532 	    1.562504208870264 	    0.499999366077326 	  121.401468222459055 	    0.204798637021043 	    0.999859276630393 	    0.989262831314175 	    0.103510730686698	   49.725773493216807 	    0.000140723369607
0.500 	    1.023625773880714 	   -0.048170995843776 	    1.568482529254142 	    0.499999359104008 	  122.352371319148394 	    0.203240416589932 	    0.999859752876643 	    0.989425648625592 	    0.102706260380582	   49.733957583927592 	    0.000140247123357
0.500 	    1.023107806183469 	   -0.048688963541021 	    1.574458134834971 	    0.499999352135681 	  123.306311466907702 	    0.201700607988902 	    0.999860209613339 	    0.989585258188198 	    0.101911687911656	   49.741980435596826 	    0.000139790386661
0.500 	    1.022589838486225 	   -0.049206931238266 	    1.580431131045555 	    0.499999345172414 	  124.263302601759385 	    0.200178893376010 	    0.999860645678240 	    0.989741737809974 	    0.101126832247648	   49.749845959280131 	    0.000139354321760
0.500 	    1.022071870788980 	   -0.049724898935511 	    1.586401623257520 	    0.499999338214273 	  125.223358852524714 	    0.198674961876436 	    0.999861059958366 	    0.989895162986765 	    0.100351516658079	   49.757557949812689 	    0.000138940041634
0.500 	    1.021553903091735 	   -0.050242866632756 	    1.592369716733849 	    0.499999331261325 	  126.186494534017158 	    0.197188509411266 	    0.999861451386317 	    0.990045606979941 	    0.099585568594549	   49.765120089712463 	    0.000138548613683
0.500 	    1.021035935394490 	   -0.050760834330001 	    1.598335516586343 	    0.499999324313636 	  127.152724140597276 	    0.195719238529904 	    0.999861818934944 	    0.990193140889373 	    0.098828819574589	   49.772535952848923 	    0.000138181065056
0.500 	    1.020517967697245 	   -0.051278802027246 	    1.604299127737116 	    0.499999317371270 	  128.122062340071098 	    0.194266858246248 	    0.999862161611292 	    0.990337833722748 	    0.098081105068957	   49.779809007926631 	    0.000137838388708
0.500 	    1.020000000000000 	   -0.051796769724491 	    1.610260654882525 	    0.499999310434292 	  129.094523967914732 	    0.192831083878956 	    0.999862478451609 	    0.990479752463062 	    0.097342264392298	   49.786942621878303 	    0.000137521548391
