#1:j_ID 	 2:sig1 3:Delta_sigma 	 4:MB 	 5:J 	 6:Area 	 7:j_B 	 8:eps 	 9: Penrose_inequality(A/(16*Pi*MB^2)) 	 10:8*pi*J/A 	 11: A/MB^2 	12:1-eps 	 13:J_NB 	14:H(0) 
0.900 	    1.392864458385019 	    0.000000000000000 	    1.000000000025101 	    0.899999999999998 	   36.087849147732397 	    0.899999999954816 	    0.999999999884823 	    0.717944947140989 	    0.626789006273259	   36.087849145920699 	    0.000000000115177
0.900 	    1.392616235465768 	   -0.000248222919251 	    1.000197427237720 	    0.899999995772628 	   36.120522420726556 	    0.899644731957993 	    0.999999957797506 	    0.718311304858561 	    0.626222033450481	   36.106264293346462 	    0.000000042202494
0.900 	    1.392368012546517 	   -0.000496445838502 	    1.000395534977351 	    0.899999991520010 	   36.153273491835456 	    0.899288450754201 	    0.999999832464169 	    0.718677886228786 	    0.625654739060608	   36.124690682780722 	    0.000000167535831
0.900 	    1.392119789627266 	   -0.000744668757753 	    1.000594325500212 	    0.899999987242073 	   36.186102600112969 	    0.898931154303218 	    0.999999623520285 	    0.719044690331317 	    0.625087123506199	   36.143128267961836 	    0.000000376479715
0.900 	    1.391871566708015 	   -0.000992891677004 	    1.000793801110022 	    0.899999982938747 	   36.219009985400653 	    0.898572840493408 	    0.999999330415349 	    0.719411716180314 	    0.624519187193908	   36.161576999335987 	    0.000000669584651
0.900 	    1.391623343788764 	   -0.001241114596255 	    1.000993964160525 	    0.899999978609963 	   36.251995888329295 	    0.898213507137490 	    0.999998952403200 	    0.719778962720701 	    0.623950930534509	   36.180036823869355 	    0.000001047596800
0.900 	    1.391375120869513 	   -0.001489337515506 	    1.001194817057415 	    0.899999974255651 	   36.285060550321451 	    0.897853151969391 	    0.999998488535146 	    0.720146428825298 	    0.623382353942911	   36.198507684903706 	    0.000001511464854
0.900 	    1.391126897950262 	   -0.001737560434757 	    1.001396362258940 	    0.899999969875742 	   36.318204213593172 	    0.897491772643494 	    0.999997937659174 	    0.720514113293834 	    0.622813457838185	   36.216989522106772 	    0.000002062340826
0.900 	    1.390878675031011 	   -0.001985783354007 	    1.001598602274042 	    0.899999965470164 	   36.351427121156235 	    0.897129366738288 	    0.999997298430307 	    0.720882014855511 	    0.622244242643578	   36.235482271601303 	    0.000002701569693
0.900 	    1.390630452111760 	   -0.002234006273258 	    1.001801539660491 	    0.899999961038849 	   36.384729516820164 	    0.896765931760045 	    0.999996569320901 	    0.721250132171590 	    0.621674708786534	   36.253985866094939 	    0.000003430679099
0.900 	    1.390382229192509 	   -0.002482229192509 	    1.002005177020160 	    0.899999956581725 	   36.418111645193984 	    0.896401465151567 	    0.999995748643649 	    0.721618463842075 	    0.621104856698721	   36.272500235216224 	    0.000004251356351
0.900 	    1.390134006273259 	   -0.002730452111760 	    1.002209516992599 	    0.899999952098721 	   36.451573751688422 	    0.896035964303981 	    0.999994834582052 	    0.721987008414892 	    0.620534686816048	   36.291025305975951 	    0.000005165417948
0.900 	    1.389885783354008 	   -0.002978675031011 	    1.002414562246856 	    0.899999947589763 	   36.485116082517966 	    0.895669426571600 	    0.999993825228371 	    0.722355764397591 	    0.619964199578683	   36.309561003355362 	    0.000006174771629
0.900 	    1.389637560434757 	   -0.003226897950262 	    1.002620315471084 	    0.899999943054781 	   36.518738884702771 	    0.895301849290710 	    0.999992718631114 	    0.722724730272274 	    0.619393395431080	   36.328107251056634 	    0.000007281368886
0.900 	    1.389389337515506 	   -0.003475120869513 	    1.002826779360686 	    0.899999938493703 	   36.552442406070604 	    0.894933229800866 	    0.999991512848466 	    0.723093904512641 	    0.618822274821997	   36.346663972359568 	    0.000008487151534
0.900 	    1.389141114596255 	   -0.003723343788764 	    1.003033956604421 	    0.899999933906461 	   36.586226895258752 	    0.894563565469784 	    0.999990206010290 	    0.723463285604030 	    0.618250838204526	   36.365231091128897 	    0.000009793989710
0.900 	    1.388892891677004 	   -0.003971566708015 	    1.003241849867546 	    0.899999929292993 	   36.620092601716513 	    0.894192853723407 	    0.999988796392609 	    0.723832872067767 	    0.617679086036100	   36.383808533038361 	    0.000011203607391
0.900 	    1.388644668757753 	   -0.004219789627266 	    1.003450461775892 	    0.899999924653240 	   36.654039775705774 	    0.893821092074184 	    0.999987282487046 	    0.724202662484175 	    0.617107018778542	   36.402396226727245 	    0.000012717512954
0.900 	    1.388396445838502 	   -0.004468012546517 	    1.003659794895429 	    0.899999919987149 	   36.688068668304514 	    0.893448278157289 	    0.999985663089587 	    0.724572655522202 	    0.616534636898061	   36.420994105289581 	    0.000014336910413
0.900 	    1.388148222919251 	   -0.004716235465768 	    1.003869851712689 	    0.899999915294673 	   36.722179531407248 	    0.893074409765170 	    0.999983937384458 	    0.724942849967800 	    0.615961940865296	   36.439602107700615 	    0.000016062615542
0.900 	    1.387900000000000 	   -0.004964458385019 	    1.004080634613240 	    0.899999910575768 	   36.756372617727272 	    0.892699484885420 	    0.999982105035702 	    0.725313244755198 	    0.615388931155336	   36.458220180388900 	    0.000017894964298
0.900 	    1.388106657130367 	   -0.004757801254652 	    1.003904695908262 	    0.899999914506739 	   36.727899543605760 	    0.893012415211470 	    0.999985415131530 	    0.725005439765898 	    0.615866010260434	   36.442748214098896 	    0.000014584868470
0.900 	    1.387578012546517 	   -0.005286445838502 	    1.004354575866704 	    0.899999904415098 	   36.800849801377514 	    0.892212571322912 	    0.999982063595507 	    0.725794824468649 	    0.614645173294048	   36.482427017027235 	    0.000017936404493
0.900 	    1.387049367962667 	   -0.005815090422352 	    1.004807737328594 	    0.899999894202455 	   36.874175646908747 	    0.891407979065020 	    0.999978380647601 	    0.726585160102152 	    0.613422918615414	   36.522153618948530 	    0.000021619352399
0.900 	    1.386520723378817 	   -0.006343735006202 	    1.005264201515862 	    0.899999883868111 	   36.947879552143175 	    0.890598622524097 	    0.999974370251824 	    0.727376439205004 	    0.612199250980338	   36.561927644811885 	    0.000025629748176
0.900 	    1.385992078794967 	   -0.006872379590052 	    1.005723989766782 	    0.899999873411361 	   37.021964006110145 	    0.889784485876504 	    0.999970036351718 	    0.728168654206850 	    0.610974175238079	   36.601748714089698 	    0.000029963648282
0.900 	    1.385463434211116 	   -0.007401024173903 	    1.006187123536886 	    0.899999862831498 	   37.096431515010537 	    0.888965553389990 	    0.999965382866839 	    0.728961797426410 	    0.609747696332285	   36.641616440678741 	    0.000034617133161
0.900 	    1.384934789627266 	   -0.007929668757753 	    1.006653624398805 	    0.899999852127810 	   37.171284602302047 	    0.888141809426936 	    0.999960413693909 	    0.729755861071045 	    0.608519819301918	   36.681530432878210 	    0.000039586306091
0.900 	    1.384406145043416 	   -0.008458313341603 	    1.007123514042032 	    0.899999841299582 	   37.246525808783573 	    0.887313238447745 	    0.999955132708190 	    0.730550837236408 	    0.607290549282204	   36.721490293372353 	    0.000044867291810
0.900 	    1.383877500459566 	   -0.008986957925453 	    1.007596814273043 	    0.899999830346096 	   37.322157692680225 	    0.886479825013606 	    0.999949543763264 	    0.731346717905591 	    0.606059891505551	   36.761495619187373 	    0.000050456236736
0.900 	    1.383348855875716 	   -0.009515602509303 	    1.008073547015496 	    0.899999819266627 	   37.398182829725436 	    0.885641553789129 	    0.999943650690352 	    0.732143494948087 	    0.604827851302514	   36.801546001639444 	    0.000056349309648
0.900 	    1.382820211291865 	   -0.010044247093153 	    1.008553734309998 	    0.899999808060449 	   37.474603813243536 	    0.884798409545744 	    0.999937457299441 	    0.732941160119384 	    0.603594434102749	   36.841641026314185 	    0.000062542700559
0.900 	    1.382291566708015 	   -0.010572891677004 	    1.009037398314796 	    0.899999796726832 	   37.551423254233700 	    0.883950377163496 	    0.999930967376473 	    0.733739705059246 	    0.602359645435926	   36.881780272980316 	    0.000069032623527
0.900 	    1.381762922124165 	   -0.011101536260854 	    1.009524561304396 	    0.899999785265040 	   37.628643781449030 	    0.883097441636476 	    0.999924184689149 	    0.734539121292899 	    0.601123490932717	   36.921963315649174 	    0.000075815310851
0.900 	    1.381234277540315 	   -0.011630180844704 	    1.010015245670818 	    0.899999773674335 	   37.706268041477811 	    0.882239588073624 	    0.999917112981510 	    0.735339400228418 	    0.599885976325745	   36.962189722443552 	    0.000082887018490
0.900 	    1.380705632956465 	   -0.012158825428554 	    1.010509473922478 	    0.899999761953974 	   37.784298698824268 	    0.881376801703708 	    0.999909755978533 	    0.736140533157564 	    0.598647107450513	   37.002459055639601 	    0.000090244021467
0.900 	    1.380176988372614 	   -0.012687470012404 	    1.011007268684894 	    0.899999750103211 	   37.862738435985508 	    0.880509067877114 	    0.999902117382846 	    0.736942511253879 	    0.597406890246406	   37.042770871571201 	    0.000097882617154
0.900 	    1.379648343788764 	   -0.013216114596255 	    1.011508652700000 	    0.899999738121296 	   37.941589953530699 	    0.879636372070065 	    0.999894200877308 	    0.737745325572855 	    0.596165330757625	   37.083124720638237 	    0.000105799122692
0.900 	    1.379119699204914 	   -0.013744759180105 	    1.012013648826058 	    0.899999726007473 	   38.020855970177456 	    0.878758699887803 	    0.999886010124929 	    0.738548967051168 	    0.594922435134163	   37.123520147268465 	    0.000113989875071
0.900 	    1.378591054621064 	   -0.014273403763955 	    1.012522280037677 	    0.899999713760986 	   38.100539222868853 	    0.877876037067585 	    0.999877548768302 	    0.739353426505773 	    0.593678209632758	   37.163956689871654 	    0.000122451231698
0.900 	    1.378062410037214 	   -0.014802048347805 	    1.013034569425498 	    0.899999701381072 	   38.180642466847737 	    0.876988369482260 	    0.999868820430293 	    0.740158694633425 	    0.592432660617871	   37.204433880815657 	    0.000131179569707
0.900 	    1.377533765453363 	   -0.015330692931655 	    1.013550540195898 	    0.899999688866965 	   38.261168475731357 	    0.876095683143824 	    0.999859828714610 	    0.740964762010185 	    0.591185794562645	   37.244951246401707 	    0.000140171285390
0.900 	    1.377005120869513 	   -0.015859337515506 	    1.014070215670746 	    0.899999676217896 	   38.342120041583629 	    0.875197964206860 	    0.999850577205984 	    0.741771619090792 	    0.589937618049887	   37.285508306832629 	    0.000149422794016
0.900 	    1.376476476285663 	   -0.016387982099356 	    1.014593619287207 	    0.899999663433090 	   38.423499974988101 	    0.874295198971918 	    0.999841069470155 	    0.742579256207994 	    0.588688137773020	   37.326104576179330 	    0.000158930529845
0.900 	    1.375947831701813 	   -0.016916626683206 	    1.015120774597223 	    0.899999650511769 	   38.505311105117986 	    0.873387373889442 	    0.999831309055010 	    0.743387663572283 	    0.587437360537070	   37.366739562367419 	    0.000168690944990
0.900 	    1.375419187117963 	   -0.017445271267056 	    1.015651705267458 	    0.899999637453152 	   38.587556279806183 	    0.872474475562880 	    0.999821299489739 	    0.744196831270943 	    0.586185293259623	   37.407412767129564 	    0.000178700510261
0.900 	    1.374890542534113 	   -0.017973915850906 	    1.016186435078354 	    0.899999624256454 	   38.670238365613466 	    0.871556490753348 	    0.999811044287539 	    0.745006749268398 	    0.584931942971807	   37.448123686022600 	    0.000188955712461
0.900 	    1.374361897950262 	   -0.018502560434757 	    1.016724987924383 	    0.899999610920886 	   38.753360247895816 	    0.870633406382201 	    0.999800546943315 	    0.745817407404755 	    0.583677316819255	   37.488871808354610 	    0.000199453056685
0.900 	    1.373833253366412 	   -0.019031205018607 	    1.017267387813135 	    0.899999597445653 	   38.836924830870199 	    0.869705209535615 	    0.999789810936012 	    0.746628795396045 	    0.582421422063078	   37.529656617196985 	    0.000210189063988
0.900 	    1.373304608782562 	   -0.019559849602457 	    1.017813658865101 	    0.899999583829959 	   38.920935037679092 	    0.868771887467971 	    0.999778839728045 	    0.747440902833429 	    0.581164266080834	   37.570477589344364 	    0.000221160271955
0.900 	    1.372775964198712 	   -0.020088494186307 	    1.018363825312962 	    0.899999570073004 	   39.005393810453625 	    0.867833427606063 	    0.999767636766563 	    0.748253719183085 	    0.579905856367497	   37.611334195309135 	    0.000232363233437
0.900 	    1.372247319614862 	   -0.020617138770157 	    1.018917911501294 	    0.899999556173981 	   39.090304110375262 	    0.866889817552601 	    0.999756205482993 	    0.749067233785486 	    0.578646200536424	   37.652225899284959 	    0.000243794517007
0.900 	    1.371718675031011 	   -0.021145783354007 	    1.019475941885724 	    0.899999542132082 	   39.175668917736143 	    0.865941045090627 	    0.999744549294605 	    0.749881435855435 	    0.577385306320323	   37.693152159148784 	    0.000255450705395
0.900 	    1.371190030447161 	   -0.021674427937858 	    1.020037941032513 	    0.899999527946496 	   39.261491231997590 	    0.864987098187190 	    0.999732671604283 	    0.750696314481465 	    0.576123181572212	   37.734112426430444 	    0.000267328395717
0.900 	    1.370661385863311 	   -0.022203072521708 	    1.020603933617692 	    0.899999513616405 	   39.347774071847482 	    0.864027964997788 	    0.999720575801961 	    0.751511858625873 	    0.574859834266387	   37.775106146314452 	    0.000279424198039
0.900 	    1.370132741279461 	   -0.022731717105558 	    1.021173944426592 	    0.899999499140990 	   39.434520475255692 	    0.863063633870098 	    0.999708265264363 	    0.752328057124139 	    0.573595272499379	   37.816132757610832 	    0.000291734735637
0.900 	    1.369604096695611 	   -0.023260361689408 	    1.021747998353208 	    0.899999484519427 	   39.521733499527985 	    0.862094093347995 	    0.999695743355292 	    0.753144898684572 	    0.572329504490910	   37.857191692737283 	    0.000304256644708
0.900 	    1.369075452111760 	   -0.023789006273258 	    1.022326120399330 	    0.899999469750888 	   39.609416221358318 	    0.861119332175943 	    0.999683013426714 	    0.753962371888274 	    0.571062538584849	   37.898282377717386 	    0.000316986573286
0.900 	    1.368546807527910 	   -0.024317650857109 	    1.022908335673219 	    0.899999454834541 	   39.697571736879174 	    0.860139339304120 	    0.999670078821425 	    0.754780465189743 	    0.569794383250162	   37.939404232210944 	    0.000329921178575
0.900 	    1.368018162944060 	   -0.024846295440959 	    1.023494669389802 	    0.899999439769553 	   39.786203161710217 	    0.859154103890981 	    0.999656942869776 	    0.755599166915224 	    0.568525047081858	   37.980556669430983 	    0.000343057130224
0.900 	    1.367489518360210 	   -0.025374940024809 	    1.024085146869247 	    0.899999424555085 	   39.875313631004804 	    0.858163615308524 	    0.999643608892488 	    0.756418465263401 	    0.567254538801940	   38.021739096178650 	    0.000356391107512
0.900 	    1.366960873776360 	   -0.025903584608659 	    1.024679793535774 	    0.899999409190292 	   39.964906299496084 	    0.857167863147129 	    0.999630080202449 	    0.757238348305756 	    0.565982867260325	   38.062950912861315 	    0.000369919797551
0.900 	    1.366432229192510 	   -0.026432229192509 	    1.025278634917462 	    0.899999393674331 	   40.054984341538184 	    0.856166837218706 	    0.999616360102510 	    0.758058803985372 	    0.564710041435801	   38.104191513432167 	    0.000383639897490
0.900 	    1.365903584608659 	   -0.026960873776360 	    1.025881696644552 	    0.899999378006352 	   40.145550951148719 	    0.855160527562348 	    0.999602451888973 	    0.758879820117996 	    0.563436070436938	   38.145460285443841 	    0.000397548111027
0.900 	    1.365374940024809 	   -0.027489518360210 	    1.026489004448691 	    0.899999362185500 	   40.236609342046810 	    0.854148924448355 	    0.999588358851253 	    0.759701384391629 	    0.562160963503022	   38.186756610027773 	    0.000411641148747
0.900 	    1.364846295440959 	   -0.028018162944060 	    1.027100584162047 	    0.899999346210920 	   40.328162747690284 	    0.853132018382477 	    0.999574084271982 	    0.760523484366313 	    0.560884730004970	   38.228079861883524 	    0.000425915728018
0.900 	    1.364317650857109 	   -0.028546807527910 	    1.027716461715778 	    0.899999330081752 	   40.420214421310194 	    0.852109800111182 	    0.999559631429361 	    0.761346107474840 	    0.559607379446241	   38.269429409314275 	    0.000440368570639
0.900 	    1.363789006273259 	   -0.029075452111760 	    1.028336663139775 	    0.899999313797132 	   40.512767635943685 	    0.851082260624792 	    0.999545003594634 	    0.762169241021549 	    0.558328921463736	   38.310804614166502 	    0.000454996405366
0.900 	    1.363260361689408 	   -0.029604096695611 	    1.028961214559911 	    0.899999297356193 	   40.605825684463695 	    0.850049391164705 	    0.999530204038661 	    0.762992872184774 	    0.557049365828707	   38.352204831953014 	    0.000469795961339
0.900 	    1.362731717105558 	   -0.030132741279461 	    1.029590142198482 	    0.899999280758064 	   40.699391879607025 	    0.849011183225306 	    0.999515236026521 	    0.763816988014554 	    0.555768722447640	   38.393629411737688 	    0.000484763973479
0.900 	    1.362203072521708 	   -0.030661385863311 	    1.030223472371750 	    0.899999264001872 	   40.793469554000235 	    0.847967628560639 	    0.999500102822711 	    0.764641575434605 	    0.554487001363137	   38.435077696234911 	    0.000499897177289
0.900 	    1.361674427937858 	   -0.031190030447161 	    1.030861231489229 	    0.899999247086740 	   40.888062060182350 	    0.846918719188151 	    0.999484807689732 	    0.765466621241678 	    0.553204212754795	   38.476549021776893 	    0.000515192310268
0.900 	    1.361145783354008 	   -0.031718675031011 	    1.031503446052127 	    0.899999230011787 	   40.983172770625815 	    0.845864447393794 	    0.999469353889645 	    0.766292112106133 	    0.551920366940068	   38.518042718342930 	    0.000530646110355
0.900 	    1.360617138770157 	   -0.032247319614861 	    1.032150142652075 	    0.899999212776130 	   41.078805077754746 	    0.844804805736619 	    0.999453744684438 	    0.767118034572080 	    0.550635474375123	   38.559558109566195 	    0.000546255315562
0.900 	    1.360088494186307 	   -0.032775964198712 	    1.032801347969180 	    0.899999195378883 	   41.174962393959980 	    0.843739787054426 	    0.999437983338656 	    0.767944375058464 	    0.549349545655694	   38.601094512788405 	    0.000562016661344
0.900 	    1.359559849602457 	   -0.033304608782562 	    1.033457088771091 	    0.899999177819155 	   41.271648151612611 	    0.842669384467717 	    0.999422073118251 	    0.768771119858654 	    0.548062591517908	   38.642651239039142 	    0.000577926881749
0.900 	    1.359031205018607 	   -0.033833253366412 	    1.034117391911432 	    0.899999160096053 	   41.368865803073934 	    0.841593591384627 	    0.999406017291521 	    0.769598255140905 	    0.546774622839121	   38.684227593059025 	    0.000593982708479
0.900 	    1.358502560434757 	   -0.034361897950262 	    1.034782284327510 	    0.899999142208682 	   41.466618820703088 	    0.840512401507014 	    0.999389819132546 	    0.770425766949901 	    0.545485650638727	   38.725822873377471 	    0.000610180867454
0.900 	    1.357973915850906 	   -0.034890542534112 	    1.035451793039713 	    0.899999124156143 	   41.564910696861348 	    0.839425808833707 	    0.999373481918334 	    0.771253641205728 	    0.544195686078968	   38.767436372260706 	    0.000626518081666
0.900 	    1.357445271267056 	   -0.035419187117963 	    1.036125945148883 	    0.899999105937534 	   41.663744943914787 	    0.838333807667040 	    0.999357008933141 	    0.772081863705864 	    0.542904740465718	   38.809067375812142 	    0.000642991066859
0.900 	    1.356916626683206 	   -0.035947831701813 	    1.036804767835022 	    0.899999087551950 	   41.763125094232373 	    0.837236392617124 	    0.999340403467770 	    0.772910420125115 	    0.541612825249268	   38.850715163968982 	    0.000659596532230
0.900 	    1.356387982099356 	   -0.036476476285663 	    1.037488288355779 	    0.899999068998484 	   41.863054700182330 	    0.836133558606450 	    0.999323668819563 	    0.773739296015872 	    0.540319952025092	   38.892379010515247 	    0.000676331180437
0.900 	    1.355859337515506 	   -0.037005120869513 	    1.038176534043732 	    0.899999050276226 	   41.963537334124977 	    0.835025300876373 	    0.999306808296475 	    0.774568476810142 	    0.539026132534599	   38.934058183183665 	    0.000693191703525
0.900 	    1.355330692931656 	   -0.037533765453363 	    1.038869532305473 	    0.899999031384262 	   42.064576588402460 	    0.833911614990612 	    0.999289825214576 	    0.775397947818827 	    0.537731378665872	   38.975751943619666 	    0.000710174785424
0.900 	    1.354802048347805 	   -0.038062410037214 	    1.039567310618999 	    0.899999012321678 	   42.166176075325861 	    0.832792496841439 	    0.999272722901413 	    0.776227694233541 	    0.536435702454388	   39.017459547472607 	    0.000727277098587
0.900 	    1.354273403763955 	   -0.038591054621064 	    1.040269896532089 	    0.899998993087555 	   42.268339427157837 	    0.831667942654207 	    0.999255504695688 	    0.777057701126889 	    0.535139116083736	   39.059180244409740 	    0.000744495304312
0.900 	    1.353744759180105 	   -0.039119699204914 	    1.040977317660207 	    0.899998973680972 	   42.371070296093664 	    0.830537948992568 	    0.999238173948447 	    0.777887953453444 	    0.533841631886304	   39.100913278165416 	    0.000761826051553
0.900 	    1.353216114596255 	   -0.039648343788764 	    1.041689601684077 	    0.899998954101007 	   42.474372354237721 	    0.829402512764159 	    0.999220734025234 	    0.778718436051179 	    0.532543262343958	   39.142657886613089 	    0.000779265974766
0.900 	    1.352687470012405 	   -0.040176988372614 	    1.042406776348377 	    0.899998934346734 	   42.578249293577087 	    0.828261631224422 	    0.999203188304200 	    0.779549133641194 	    0.531244020088700	   39.184413301751386 	    0.000796811695800
0.900 	    1.352158825428554 	   -0.040705632956465 	    1.043128869458205 	    0.899998914417227 	   42.682704825951625 	    0.827115301983908 	    0.999185540181714 	    0.780380030830741 	    0.529943917903316	   39.226178749856532 	    0.000814459818286
0.900 	    1.351630180844704 	   -0.041234277540315 	    1.043855908878291 	    0.899998894311554 	   42.787742683020568 	    0.825963523011131 	    0.999167793068364 	    0.781211112112122 	    0.528642968721998	   39.267953451426483 	    0.000832206931636
0.900 	    1.351101536260854 	   -0.041762922124165 	    1.044587922529803 	    0.899998874028785 	   42.893366616225563 	    0.824806292639178 	    0.999149950393037 	    0.782042361865138 	    0.527341185630949	   39.309736621304431 	    0.000850049606963
0.900 	    1.350572891677004 	   -0.042291566708015 	    1.045324938388172 	    0.899998853567986 	   42.999580396750096 	    0.823643609570609 	    0.999132015603321 	    0.782873764357994 	    0.526038581868974	   39.351527468724168 	    0.000867984396679
0.900 	    1.350044247093154 	   -0.042820211291865 	    1.046066984480910 	    0.899998832928220 	   43.106387815475268 	    0.822475472882302 	    0.999113992165777 	    0.783705303748186 	    0.524735170828047	   39.393325197354522 	    0.000886007834223
0.900 	    1.349515602509303 	   -0.043348855875715 	    1.046814088884936 	    0.899998812108550 	   43.213792682931830 	    0.821301882030983 	    0.999095883567689 	    0.784536964084083 	    0.523430966053857	   39.435129005379133 	    0.000904116432311
0.900 	    1.348986957925453 	   -0.043877500459566 	    1.047566279724156 	    0.899998791108037 	   43.321798829248465 	    0.820122836858273 	    0.999077693317775 	    0.785368729306106 	    0.522125981246334	   39.476938085555406 	    0.000922306682225
0.900 	    1.348458313341603 	   -0.044406145043416 	    1.048323585167007 	    0.899998769925739 	   43.430410104096206 	    0.818938337595702 	    0.999059424946845 	    0.786200583247920 	    0.520820230260157	   39.518751625274796 	    0.000940575053155
0.900 	    1.347929668757753 	   -0.044934789627266 	    1.049086033423610 	    0.899998748560714 	   43.539630376628994 	    0.817748384870249 	    0.999041082009598 	    0.787032509638195 	    0.519513727105234	   39.560568806651062 	    0.000958917990402
0.900 	    1.347401024173903 	   -0.045463434211116 	    1.049853652743392 	    0.899998727012017 	   43.649463535420267 	    0.816552979709056 	    0.999022668084657 	    0.787864492101623 	    0.518206485947163	   39.602388806571397 	    0.000977331915343
0.900 	    1.346872379590052 	   -0.045992078794966 	    1.050626471412165 	    0.899998705278703 	   43.759913488395565 	    0.815352123544892 	    0.999004186776234 	    0.788696514160712 	    0.516898521107669	   39.644210796786745 	    0.000995813223766
0.900 	    1.346343735006202 	   -0.046520723378817 	    1.051404517749618 	    0.899998683359825 	   43.870984162761074 	    0.814145818220881 	    0.998985641714273 	    0.789528559236949 	    0.515589847065016	   39.686033943970134 	    0.001014358285727
0.900 	    1.345815090422352 	   -0.047049367962667 	    1.052187820106064 	    0.899998661254433 	   43.982679504928057 	    0.812934065996288 	    0.998967036556824 	    0.790360610653025 	    0.514280478454393	   39.727857409828589 	    0.001032963443176
0.900 	    1.345286445838502 	   -0.047578012546517 	    1.052976406859991 	    0.899998638961579 	   44.095003480433136 	    0.811716869550954 	    0.998948374989635 	    0.791192651633846 	    0.512970430068280	   39.769680351153923 	    0.001051625010365
0.900 	    1.344757801254652 	   -0.048106657130367 	    1.053770306414980 	    0.899998616480312 	   44.207960073854349 	    0.810494231990612 	    0.998929660727610 	    0.792024665308445 	    0.511659716856781	   39.811501919918822 	    0.001070339272390
0.900 	    1.344229156670802 	   -0.048635301714217 	    1.054569547196730 	    0.899998593809678 	   44.321553288722944 	    0.809266156851929 	    0.998910897515757 	    0.792856634711711 	    0.510348353927936	   39.853321263363824 	    0.001089102484243
0.900 	    1.343700512086951 	   -0.049163946298068 	    1.055374157650043 	    0.899998570948727 	   44.435787147430862 	    0.808032648107504 	    0.998892089130077 	    0.793688542786148 	    0.509036356548000	   39.895137524085590 	    0.001107910869923
0.900 	    1.343171867503101 	   -0.049692590881918 	    1.056184166235709 	    0.899998547896503 	   44.550665691133845 	    0.806793710170902 	    0.998873239378581 	    0.794520372383741 	    0.507723740141702	   39.936949840130979 	    0.001126760621419
0.900 	    1.342643222919251 	   -0.050221235465768 	    1.056999601427467 	    0.899998524652053 	   44.666192979650137 	    0.805549347901476 	    0.998854352101932 	    0.795352106267706 	    0.506410520292466	   39.978757345084694 	    0.001145647898068
0.900 	    1.342114578335401 	   -0.050749880049618 	    1.057820491708640 	    0.899998501214420 	   44.782373091354710 	    0.804299566609548 	    0.998835431174877 	    0.796183727114660 	    0.505096712742610	   40.020559168178519 	    0.001164568825123
0.900 	    1.341585933751551 	   -0.051278524633468 	    1.058646865569198 	    0.899998477582649 	   44.899210123068990 	    0.803044372060846 	    0.998816480506212 	    0.797015217516153 	    0.503782333393510	   40.062354434368266 	    0.001183519493788
0.900 	    1.341057289167700 	   -0.051807169217318 	    1.059478751502086 	    0.899998453755783 	   45.016708189946015 	    0.801783770481922 	    0.998797504040856 	    0.797846559981251 	    0.502467398305737	   40.104142264463758 	    0.001202495959144
0.900 	    1.340528644583850 	   -0.052335813801169 	    1.060316178000286 	    0.899998429732865 	   45.134871425350999 	    0.800517768564343 	    0.998778505759448 	    0.798677736938000 	    0.501151923699161	   40.145921775202299 	    0.001221494240552
0.900 	    1.340000000000000 	   -0.052864458385019 	    1.061159173553029 	    0.899998405512937 	   45.253703980737246 	    0.799246373470036 	    0.998759489680423 	    0.799508730736128 	    0.499835925953022	   40.187692079384325 	    0.001240510319577
