#1:j_ID 	 2:sig1 3:Delta_sigma 	 4:MB 	 5:J 	 6:Area 	 7:j_B 	 8:eps 	 9: Penrose_inequality(A/(16*Pi*MB^2)) 	 10:8*pi*J/A 	 11: A/MB^2 	12:1-eps 	 13:J_NB 	14:H(0) 
0.900 	    1.392864458385019 	    0.000000000000000 	    1.000000000025101 	    0.899999999999998 	   36.087849147732397 	    0.899999999954816 	    0.999999999884823 	    0.717944947140989 	    0.626789006273259	   36.087849145920699 	    0.000000000115177
0.900 	    1.393121235465768 	    0.000256777080749 	    0.999796482653923 	    0.900000004346559 	   36.054131513422597 	    0.900366447433758 	    0.999999957194712 	    0.717566200772344 	    0.627375179087768	   36.068811276971776 	    0.000000042805288
0.900 	    1.393378012546517 	    0.000513554161498 	    0.999593688220979 	    0.900000008666248 	   36.020496613869332 	    0.900731815858142 	    0.999999828113129 	    0.717187696307843 	    0.627961006926919	   36.049785567451330 	    0.000000171886871
0.900 	    1.393634789627266 	    0.000770331242247 	    0.999391614266011 	    0.900000012959140 	   35.986944187088079 	    0.901096107467025 	    0.999999612985912 	    0.716809434721578 	    0.628546489358799	   36.030772066322573 	    0.000000387014088
0.900 	    1.393891566708015 	    0.001027108322996 	    0.999190258295028 	    0.900000017225311 	   35.953473971986503 	    0.901459324575882 	    0.999999312349522 	    0.716431417039270 	    0.629131625956089	   36.011770825143947 	    0.000000687650478
0.900 	    1.394148343788764 	    0.001283885403745 	    0.998989617777980 	    0.900000021464835 	   35.920085708361979 	    0.901821469580938 	    0.999998926943618 	    0.716053644341521 	    0.629716416296050	   35.992781898232353 	    0.000001073056382
0.900 	    1.394405120869513 	    0.001540662484494 	    0.998789690147611 	    0.900000025677788 	   35.886779136898592 	    0.902182544961383 	    0.999998457718282 	    0.715676117765349 	    0.630300859960500	   35.973805342740528 	    0.000001542281718
0.900 	    1.394661897950262 	    0.001797439565243 	    0.998590472800087 	    0.900000029864247 	   35.853553999165451 	    0.902542553278401 	    0.999997905833139 	    0.715298838503219 	    0.630884956535785	   35.954841218608390 	    0.000002094166861
0.900 	    1.394918675031011 	    0.002054216645993 	    0.998391963096824 	    0.900000034024289 	   35.820410037613845 	    0.902901497172004 	    0.999997272650784 	    0.714921807800325 	    0.631468705612755	   35.935889588426156 	    0.000002727349216
0.900 	    1.395175452111760 	    0.002310993726742 	    0.998194158367305 	    0.900000038157990 	   35.787346995574563 	    0.903259379356071 	    0.999996559725540 	    0.714545026950462 	    0.632052106786751	   35.916950517227099 	    0.000003440274460
0.900 	    1.395432229192509 	    0.002567770807491 	    0.997997055915038 	    0.900000042265427 	   35.754364617255704 	    0.903616202607670 	    0.999995768777360 	    0.714168497287421 	    0.632635159657570	   35.898024072054794 	    0.000004231222640
0.900 	    1.395689006273259 	    0.002824547888240 	    0.997800653023985 	    0.900000046346674 	   35.721462647740497 	    0.903971969755511 	    0.999994901663272 	    0.713792220175736 	    0.633217863829443	   35.879110321498259 	    0.000005098336728
0.900 	    1.395945783354008 	    0.003081324968989 	    0.997604946967289 	    0.900000050401806 	   35.688640832984098 	    0.904326683664157 	    0.999993960337575 	    0.713416196998125 	    0.633800218911019	   35.860209335060466 	    0.000006039662425
0.900 	    1.396202560434757 	    0.003338102049738 	    0.997409935017687 	    0.900000054430892 	   35.655898919811612 	    0.904680347215146 	    0.999992946803726 	    0.713040429140584 	    0.634382224515336	   35.841321182409131 	    0.000007053196274
0.900 	    1.396459337515506 	    0.003594879130487 	    0.997215614459594 	    0.900000058434004 	   35.623236655916053 	    0.905032963285002 	    0.999991863057753 	    0.712664917975111 	    0.634963880259789	   35.822445932508511 	    0.000008136942247
0.900 	    1.396716114596255 	    0.003851656211236 	    0.997021982602884 	    0.900000062411209 	   35.590653789855447 	    0.905384534720089 	    0.999990711022956 	    0.712289664840032 	    0.635545185766118	   35.803583652630092 	    0.000009288977044
0.900 	    1.396972891677004 	    0.004108433291985 	    0.996829036798123 	    0.900000066362575 	   35.558150071050555 	    0.905735064308740 	    0.999989492477001 	    0.711914671018294 	    0.636126140660378	   35.784734407261891 	    0.000010507522999
0.900 	    1.397229668757753 	    0.004365210372734 	    0.996636774452894 	    0.900000070288164 	   35.525725249782857 	    0.906084554751307 	    0.999988208972971 	    0.711539937714258 	    0.636706744572906	   35.765898256941618 	    0.000011791027029
0.900 	    1.397486445838502 	    0.004621987453483 	    0.996445193049459 	    0.900000074188037 	   35.493379077191743 	    0.906433008627672 	    0.999986861753125 	    0.711165466028604 	    0.637286997138310	   35.747075256995600 	    0.000013138246875
0.900 	    1.397743222919251 	    0.004878764534232 	    0.996254290163635 	    0.900000078062245 	   35.461111305272275 	    0.906780428362436 	    0.999985451655876 	    0.710791256931577 	    0.637866897995430	   35.728265456193561 	    0.000014548344124
0.900 	    1.398000000000000 	    0.005135541614981 	    0.996064063483348 	    0.900000081910830 	   35.428921686873305 	    0.907126816190593 	    0.999983979023253 	    0.710417311236745 	    0.638446446787312	   35.709468895429972 	    0.000016020976747
0.900 	    1.398006657130367 	    0.005142198745348 	    0.996059588886687 	    0.900000082009986 	   35.428088185396311 	    0.907134966477099 	    0.999981801629886 	    0.710406980622677 	    0.638461467314123	   35.708949622129717 	    0.000018198370114
0.900 	    1.398578012546517 	    0.005713554161498 	    0.995638945282363 	    0.900000090480950 	   35.356746630686142 	    0.907901640749898 	    0.999977441374342 	    0.709575625724681 	    0.639749737614415	   35.667161167088640 	    0.000022558625658
0.900 	    1.399149367962667 	    0.006284909577648 	    0.995221649252349 	    0.900000098826579 	   35.285788072698887 	    0.908663174368404 	    0.999972593466631 	    0.708745536078566 	    0.641036259216507	   35.625436310543715 	    0.000027406533369
0.900 	    1.399720723378817 	    0.006856264993798 	    0.994807677139438 	    0.900000107047655 	   35.215209833904855 	    0.909419589143578 	    0.999967252395616 	    0.707916718367720 	    0.642321028411699	   35.583775388438793 	    0.000032747604384
0.900 	    1.400292078794967 	    0.007427620409948 	    0.994397005435739 	    0.900000115144953 	   35.145009257281832 	    0.910170906939075 	    0.999961412630931 	    0.707089179154709 	    0.643604041591430	   35.542178730644315 	    0.000038587369069
0.900 	    1.400863434211116 	    0.007998975826097 	    0.993989610782221 	    0.900000123119245 	   35.075183706179729 	    0.910917149668249 	    0.999955068622777 	    0.706262924882353 	    0.644885295246092	   35.500646661011836 	    0.000044931377223
0.900 	    1.401434789627266 	    0.008570331242247 	    0.993585469968322 	    0.900000130971295 	   35.005730564185449 	    0.911658339291037 	    0.999948214801277 	    0.705437961874694 	    0.646164785963824	   35.459179497422347 	    0.000051785198723
0.900 	    1.402006145043416 	    0.009141686658397 	    0.993184559931239 	    0.900000138701867 	   34.936647234987713 	    0.912394497811480 	    0.999940845577388 	    0.704614296338408 	    0.647442510429338	   35.417777551857321 	    0.000059154422612
0.900 	    1.402577500459566 	    0.009713042074547 	    0.992786857755705 	    0.900000146311716 	   34.867931142241927 	    0.913125647274361 	    0.999932955341309 	    0.703791934363482 	    0.648718465422741	   35.376441130433032 	    0.000067044658691
0.900 	    1.403148855875716 	    0.010284397490697 	    0.992392340673325 	    0.900000153801593 	   34.799579729435200 	    0.913851809762689 	    0.999924538463041 	    0.702970881924534 	    0.649992647818373	   35.335170533466459 	    0.000075461536959
0.900 	    1.403720211291865 	    0.010855752906847 	    0.992000986062475 	    0.900000161172247 	   34.731590459751459 	    0.914573007394162 	    0.999915589290047 	    0.702151144881287 	    0.651265054583646	   35.293966055499407 	    0.000084410709953
0.900 	    1.404291566708015 	    0.011427108322996 	    0.991612771447185 	    0.900000168424419 	   34.663960815936946 	    0.915289262319550 	    0.999906102149956 	    0.701332728980493 	    0.652535682777902	   35.252827985395162 	    0.000093897850044
0.900 	    1.404862922124165 	    0.011998463739146 	    0.991227674497440 	    0.900000175558847 	   34.596688300164838 	    0.916000596718469 	    0.999896071346072 	    0.700515639855798 	    0.653804529551281	   35.211756606331646 	    0.000103928653928
0.900 	    1.405434277540315 	    0.012569819155296 	    0.990845673027563 	    0.900000182576263 	   34.529770433902134 	    0.916707032798733 	    0.999885491162492 	    0.699699883030350 	    0.655071592143577	   35.170752195932577 	    0.000114508837508
0.900 	    1.406005632956465 	    0.013141174571446 	    0.990466744997225 	    0.900000189477397 	   34.463204757774097 	    0.917408592790885 	    0.999874355855914 	    0.698885463915630 	    0.656336867883143	   35.129815026208616 	    0.000125644144086
0.900 	    1.406576988372614 	    0.013712529987596 	    0.990090868509257 	    0.900000196262971 	   34.396988831431361 	    0.918105298948660 	    0.999862659663539 	    0.698072387814825 	    0.657600354185762	   35.088945363727031 	    0.000137340336461
0.900 	    1.407148343788764 	    0.014283885403745 	    0.989718021810416 	    0.900000202933705 	   34.331120233415754 	    0.918797173544015 	    0.999850396795980 	    0.697260659921990 	    0.658862048553558	   35.048143469569493 	    0.000149603204020
0.900 	    1.407719699204914 	    0.014855240819895 	    0.989348183290267 	    0.900000209490312 	   34.265596561027201 	    0.919484238865680 	    0.999837561439665 	    0.696450285323870 	    0.660121948573897	   35.007409599423777 	    0.000162438560335
0.900 	    1.408291054621064 	    0.015426596236045 	    0.988981331480809 	    0.900000215933503 	   34.200415430190073 	    0.920166517216342 	    0.999824147755356 	    0.695641269000638 	    0.661380051918324	   34.966744003620553 	    0.000175852244644
0.900 	    1.408862410037214 	    0.015997951652195 	    0.988617445055741 	    0.900000222263984 	   34.135574475320962 	    0.920844030910552 	    0.999810149878568 	    0.694833615827153 	    0.662636356341474	   34.926146927197052 	    0.000189850121432
0.900 	    1.409433765453363 	    0.016569307068345 	    0.988256502830799 	    0.900000228482454 	   34.071071349196058 	    0.921516802270639 	    0.999795561914264 	    0.694027330572676 	    0.663890859680015	   34.885618609882442 	    0.000204438085736
0.900 	    1.410005120869513 	    0.017140662484494 	    0.987898483761130 	    0.900000234589609 	   34.006903722818783 	    0.922184853628202 	    0.999780377946994 	    0.693222417904749 	    0.665143559851604	   34.845159286293006 	    0.000219622053006
0.900 	    1.410576476285663 	    0.017712017900644 	    0.987543366943425 	    0.900000240586143 	   33.943069285288707 	    0.922848207316731 	    0.999764592026166 	    0.692418882386373 	    0.666394454853831	   34.804769185790142 	    0.000235407973834
0.900 	    1.411147831701813 	    0.018283373316794 	    0.987191131613383 	    0.900000246472741 	   33.879565743669204 	    0.923506885672988 	    0.999748198175592 	    0.691616728479717 	    0.667643542763202	   34.764448532666977 	    0.000251801824408
0.900 	    1.411719187117963 	    0.018854728732944 	    0.986841757145971 	    0.900000252250086 	   33.816390822857726 	    0.924160911033180 	    0.999731190388434 	    0.690815960545921 	    0.668890821734096	   34.724197546138251 	    0.000268809611566
0.900 	    1.412290542534113 	    0.019426084149094 	    0.986495223054695 	    0.900000257918858 	   33.753542265453749 	    0.924810305731027 	    0.999713562627221 	    0.690016582846223 	    0.670136289997780	   34.684016440397230 	    0.000286437372779
0.900 	    1.412861897950262 	    0.019997439565243 	    0.986151508991265 	    0.900000263479730 	   33.691017831630441 	    0.925455092095103 	    0.999695308821791 	    0.689218599542591 	    0.671379945861366	   34.643905424647211 	    0.000304691178209
0.900 	    1.413433253366412 	    0.020568794981393 	    0.985810594744742 	    0.900000268933371 	   33.628815299003930 	    0.926095292447197 	    0.999676422869900 	    0.688422014699013 	    0.672621787706845	   34.603864703166478 	    0.000323577130100
0.900 	    1.414004608782562 	    0.021140150397543 	    0.985472460240956 	    0.900000274280447 	   33.566932462504344 	    0.926730929100163 	    0.999656898636335 	    0.687626832282407 	    0.673861813990089	   34.563894475354085 	    0.000343101363665
0.900 	    1.414575964198712 	    0.021711505813693 	    0.985137085542006 	    0.900000279521618 	   33.505367134246996 	    0.927362024355692 	    0.999636729951610 	    0.686833056163420 	    0.675100023239885	   34.523994935770017 	    0.000363270048390
0.900 	    1.415147319614862 	    0.022282861229843 	    0.984804450846255 	    0.900000284657542 	   33.444117143404950 	    0.927988600501129 	    0.999615910607859 	    0.686040690116530 	    0.676336414056944	   34.484166274140191 	    0.000384089392141
0.900 	    1.415718675031011 	    0.022854216645993 	    0.984474536486536 	    0.900000289688871 	   33.383180336079973 	    0.928610679809734 	    0.999594434364397 	    0.685249737822597 	    0.677570985112979	   34.444408675484816 	    0.000405565635603
0.900 	    1.416290030447161 	    0.023425572062142 	    0.984147322930923 	    0.900000294616252 	   33.322554575176683 	    0.929228284536104 	    0.999572294939336 	    0.684460202867873 	    0.678803735149726	   34.404722320068650 	    0.000427705060664
0.900 	    1.416861385863311 	    0.023996927478292 	    0.983822790780953 	    0.900000299440329 	   33.262237740275053 	    0.929841436916445 	    0.999549486015007 	    0.683672088746523 	    0.680034662978023	   34.365107383527445 	    0.000450513984993
0.900 	    1.417432741279461 	    0.024568282894442 	    0.983500920772062 	    0.900000304161743 	   33.202227727504782 	    0.930450159164707 	    0.999526001231278 	    0.682885398860066 	    0.681263767476869	   34.325564036840324 	    0.000473998768722
0.900 	    1.418004096695611 	    0.025139638310592 	    0.983181693772561 	    0.900000308781128 	   33.142522449419740 	    0.931054473471473 	    0.999501834186763 	    0.682100136518841 	    0.682491047592508	   34.286092446402979 	    0.000498165813237
0.900 	    1.418575452111760 	    0.025710993726742 	    0.982865090782904 	    0.900000313299115 	   33.083119834872315 	    0.931654402002357 	    0.999476978438449 	    0.681316304943035 	    0.683716502337525	   34.246692774079729 	    0.000523021561551
0.900 	    1.419146807527910 	    0.026282349142891 	    0.982551092935070 	    0.900000317716332 	   33.024017828889678 	    0.932249966896200 	    0.999451427500665 	    0.680533907263577 	    0.684940130789936	   34.207365177248162 	    0.000548572499335
0.900 	    1.419718162944060 	    0.026853704559041 	    0.982239681492897 	    0.900000322033401 	   32.965214392550007 	    0.932841190261492 	    0.999425174838650 	    0.679752946521685 	    0.686161932092289	   34.168109808776661 	    0.000574825161350
0.900 	    1.420289518360210 	    0.027425059975191 	    0.981930837850033 	    0.900000326250942 	   32.906707502858482 	    0.933428094177336 	    0.999398213875401 	    0.678973425671697 	    0.687381905450800	   34.128926817166379 	    0.000601786124599
0.900 	    1.420860873776360 	    0.027996415391341 	    0.981624543530470 	    0.900000330369568 	   32.848495152625371 	    0.934010700689560 	    0.999370537984077 	    0.678195347580341 	    0.688600050134459	   34.089816346514820 	    0.000629462015923
0.900 	    1.421432229192510 	    0.028567770807491 	    0.981320780188042 	    0.900000334389890 	   32.790575350343656 	    0.934589031808788 	    0.999342140486032 	    0.677418715027412 	    0.689816365474174	   34.050778536549665 	    0.000657859513968
0.900 	    1.422003584608659 	    0.029139126223640 	    0.981019529604358 	    0.900000338312516 	   32.732946120067583 	    0.935163109511558 	    0.999313014657867 	    0.676643530708610 	    0.691030850861912	   34.011813522771671 	    0.000686985342133
0.900 	    1.422574940024809 	    0.029710481639790 	    0.980720773690208 	    0.900000342138047 	   32.675605501291774 	    0.935732955734821 	    0.999283153718541 	    0.675869797233570 	    0.692243505749856	   33.972921436355288 	    0.000716846281459
0.900 	    1.423146295440959 	    0.030281837055940 	    0.980424494483811 	    0.900000345867081 	   32.618551548831393 	    0.936298592376515 	    0.999252550834560 	    0.675097517128260 	    0.693454329649556	   33.934102404269636 	    0.000747449165440
0.900 	    1.423717650857109 	    0.030853192472090 	    0.980130674150266 	    0.900000349500214 	   32.561782332702131 	    0.936860041293842 	    0.999221199118158 	    0.674326692835684 	    0.694663322131110	   33.895356549313351 	    0.000778800881842
0.900 	    1.424289006273259 	    0.031424547888240 	    0.979839294981364 	    0.900000353038036 	   32.505295938001604 	    0.937417324300916 	    0.999189091623465 	    0.673557326716104 	    0.695870482822337	   33.856683990126286 	    0.000810908376535
0.900 	    1.424860361689408 	    0.031995903304389 	    0.979550339394649 	    0.900000356481134 	   32.449090464790782 	    0.937970463167849 	    0.999156221346873 	    0.672789421048277 	    0.697075811407968	   33.818084841251142 	    0.000843778653127
0.900 	    1.425431717105558 	    0.032567258720539 	    0.979263789933157 	    0.900000359830089 	   32.393164027976746 	    0.938519479618582 	    0.999122581223498 	    0.672022978029760 	    0.698279307628839	   33.779559213149249 	    0.000877418776502
0.900 	    1.426003072521708 	    0.033138614136689 	    0.978979629264678 	    0.900000363085481 	   32.337514757195495 	    0.939064395329646 	    0.999088164126326 	    0.671257999777858 	    0.699480971281098	   33.741107212247946 	    0.000911835873674
0.900 	    1.426574427937858 	    0.033709969552839 	    0.978697840180887 	    0.900000366247884 	   32.282140796695639 	    0.939605231929215 	    0.999052962866183 	    0.670494488330751 	    0.700680802215419	   33.702728940997335 	    0.000947037133817
0.900 	    1.427145783354008 	    0.034281324968989 	    0.978418405597367 	    0.900000369317870 	   32.227040305222843 	    0.940142010994462 	    0.999016970186305 	    0.669732445647383 	    0.701878800336225	   33.664424497864709 	    0.000983029813695
0.900 	    1.427717138770157 	    0.034852680385139 	    0.978141308552358 	    0.900000372296005 	   32.172211455904917 	    0.940674754051402 	    0.998980178764514 	    0.668971873609106 	    0.703074965600914	   33.626193977417072 	    0.001019821235486
0.900 	    1.428288494186307 	    0.035424035801288 	    0.977866532206838 	    0.900000375182853 	   32.117652436137176 	    0.941203482572187 	    0.998942581207337 	    0.668212774019469 	    0.704269298019109	   33.588037470310749 	    0.001057418792663
0.900 	    1.428859849602457 	    0.035995391217438 	    0.977594059843253 	    0.900000377978973 	   32.063361447469583 	    0.941728217975036 	    0.998904170052251 	    0.667455148605886 	    0.705461797651891	   33.549955063374956 	    0.001095829947749
0.900 	    1.429431205018607 	    0.036566746633588 	    0.977323874865388 	    0.900000380684920 	   32.009336705493016 	    0.942248981622001 	    0.998864937763008 	    0.666698999019699 	    0.706652464611066	   33.511946839615275 	    0.001135062236992
0.900 	    1.430002560434757 	    0.037138102049738 	    0.977055960797713 	    0.900000383301246 	   31.955576439727459 	    0.942765794817752 	    0.998824876728053 	    0.665944326836978 	    0.707841299058427	   33.474012878253596 	    0.001175123271947
0.900 	    1.430573915850906 	    0.037709457465888 	    0.976790301284734 	    0.900000385828500 	   31.902078893510657 	    0.943278678808405 	    0.998783979258964 	    0.665191133559315 	    0.709028301205019	   33.436153254768198 	    0.001216020741036
0.900 	    1.431145271267056 	    0.038280812882037 	    0.976526880090084 	    0.900000388267225 	   31.848842323886544 	    0.943787654780854 	    0.998742237590362 	    0.664439420614934 	    0.710213471310436	   33.398368040949363 	    0.001257762409638
0.900 	    1.431716626683206 	    0.038852168298187 	    0.976265681096640 	    0.900000390617961 	   31.795865001495803 	    0.944292743860165 	    0.998699643873553 	    0.663689189358430 	    0.711396809682094	   33.360657304886557 	    0.001300356126447
0.900 	    1.432287982099356 	    0.039423523714337 	    0.976006688305354 	    0.900000392881246 	   31.743145210466352 	    0.944793967109472 	    0.998656190178039 	    0.662940441072254 	    0.712578316674528	   33.323021111042734 	    0.001343809821961
0.900 	    1.432859337515506 	    0.039994879130487 	    0.975749885834784 	    0.900000395057613 	   31.690681248304107 	    0.945291345528545 	    0.998611868488631 	    0.662193176967206 	    0.713757992688710	   33.285459520279379 	    0.001388131511369
0.900 	    1.433430692931656 	    0.040566234546637 	    0.975495257920537 	    0.900000397147590 	   31.638471425785466 	    0.945784900052574 	    0.998566670703187 	    0.661447398183094 	    0.714935838171346	   33.247972589889476 	    0.001433329296813
0.900 	    1.434002048347805 	    0.041137589962786 	    0.975242788914818 	    0.900000399151703 	   31.586514066849343 	    0.946274651550732 	    0.998520588629487 	    0.660703105789190 	    0.716111853614216	   33.210560373620459 	    0.001479411370513
0.900 	    1.434573403763955 	    0.041708945378936 	    0.974992463285582 	    0.900000401070475 	   31.534807508491304 	    0.946760620825582 	    0.998473613984736 	    0.659960300785275 	    0.717286039553477	   33.173222921726860 	    0.001526386015264
0.900 	    1.435144759180105 	    0.042280300795086 	    0.974744265616060 	    0.900000402904423 	   31.483350100657013 	    0.947242828611748 	    0.998425738392578 	    0.659218984102130 	    0.718458396569019	   33.135960280994831 	    0.001574261607422
0.900 	    1.435716114596255 	    0.042851656211236 	    0.974498180604336 	    0.900000404654062 	   31.432140206137420 	    0.947721295574528 	    0.998376953379779 	    0.658479156601979 	    0.719628925283798	   33.098772494764495 	    0.001623046620221
0.900 	    1.436287470012405 	    0.043423011627386 	    0.974254193062197 	    0.900000406319903 	   31.381176200463461 	    0.948196042309947 	    0.998327250377515 	    0.657740819079890 	    0.720797626363203	   33.061659603000237 	    0.001672749622485
0.900 	    1.436858825428554 	    0.043994367043535 	    0.974012287915256 	    0.900000407902454 	   31.330456471803560 	    0.948667089342340 	    0.998276620714513 	    0.657003972263480 	    0.721964500514385	   33.024621642276177 	    0.001723379285487
0.900 	    1.437430180844704 	    0.044565722459685 	    0.973772450201860 	    0.900000409402219 	   31.279979420859573 	    0.949134457124359 	    0.998225055617928 	    0.656268616814237 	    0.723129548485648	   32.987658645842268 	    0.001774944382072
0.900 	    1.438001536260854 	    0.045137077875835 	    0.973534665072581 	    0.900000410819697 	   31.229743460764204 	    0.949598166035835 	    0.998172546210440 	    0.655534753328041 	    0.724292771065823	   32.950770643650757 	    0.001827453789560
0.900 	    1.438572891677004 	    0.045708433291985 	    0.973298917789691 	    0.900000412155387 	   31.179747016980055 	    0.950058236382717 	    0.998119083507466 	    0.654802382335739 	    0.725454169083635	   32.913957662384860 	    0.001880916492534
0.900 	    1.439144247093154 	    0.046279788708135 	    0.973065193726733 	    0.900000413409782 	   31.129988527198239 	    0.950514688395839 	    0.998064658413668 	    0.654071504303556 	    0.726613743407100	   32.877219725479596 	    0.001935341586332
0.900 	    1.439715602509303 	    0.046851144124285 	    0.972833478367251 	    0.900000414583370 	   31.080466441237992 	    0.950967542231350 	    0.998009261724948 	    0.653342119634635 	    0.727771494942922	   32.840556853199236 	    0.001990738275052
0.900 	    1.440286957925453 	    0.047422499540434 	    0.972603757305194 	    0.900000415676640 	   31.031179220947966 	    0.951416817967921 	    0.997952884119496 	    0.652614228668364 	    0.728927424635877	   32.803969062603241 	    0.002047115880504
0.900 	    1.440858313341603 	    0.047993854956584 	    0.972376016243338 	    0.900000416690075 	   30.982125340105432 	    0.951862535607814 	    0.997895516161736 	    0.651887831682283 	    0.730081533468270	   32.767456367642231 	    0.002104483838264
0.900 	    1.441429668757753 	    0.048565210372734 	    0.972150240993252 	    0.900000417624153 	   30.933303284320794 	    0.952304715074982 	    0.997837148296203 	    0.651162928892013 	    0.731233822459286	   32.731018779154557 	    0.002162851703797
0.900 	    1.442001024173903 	    0.049136565788884 	    0.971926417474667 	    0.900000418479353 	   30.884711550937619 	    0.952743376214351 	    0.997777770845187 	    0.650439520451887 	    0.732384292664475	   32.694656304897858 	    0.002222229154813
0.900 	    1.442572379590052 	    0.049707921205034 	    0.971704531714519 	    0.900000419256145 	   30.836348648938129 	    0.953178538791774 	    0.997717374008726 	    0.649717606456111 	    0.733532945175130	   32.658368949607390 	    0.002282625991274
0.900 	    1.443143735006202 	    0.050279276621183 	    0.971484569846698 	    0.900000419955002 	   30.788213098844974 	    0.953610222492604 	    0.997655947859639 	    0.648997186938870 	    0.734679781117777	   32.622156715001526 	    0.002344052140361
0.900 	    1.443715090422352 	    0.050850632037333 	    0.971266518111332 	    0.900000420576389 	   30.740303432627723 	    0.954038446921220 	    0.997593482341818 	    0.648278261875153 	    0.735824801653577	   32.586019599823046 	    0.002406517658182
0.900 	    1.444286445838502 	    0.051421987453483 	    0.971050362854102 	    0.900000421120769 	   30.692618193607275 	    0.954463231600511 	    0.997529967268240 	    0.647560831181472 	    0.736968007977796	   32.549957599875408 	    0.002470032731760
0.900 	    1.444857801254652 	    0.051993342869633 	    0.970836090525586 	    0.900000421588603 	   30.645155936362295 	    0.954884595971330 	    0.997465392318787 	    0.646844894716566 	    0.738109401319261	   32.513970708058030 	    0.002534607681213
0.900 	    1.445429156670802 	    0.052564698285783 	    0.970623687680894 	    0.900000421980347 	   30.597915226635710 	    0.955302559391380 	    0.997399747035989 	    0.646130452281693 	    0.739248982939823	   32.478058914381084 	    0.002600252964011
0.900 	    1.446000512086951 	    0.053136053701932 	    0.970413140978683 	    0.900000422296456 	   30.550894641242501 	    0.955717141135364 	    0.997333020825111 	    0.645417503621773 	    0.740386754133827	   32.442222206022832 	    0.002666979174889
0.900 	    1.446571867503101 	    0.053707409118082 	    0.970204437181015 	    0.900000422537379 	   30.504092767977616 	    0.956128360393495 	    0.997265202948330 	    0.644706048425386 	    0.741522716227589	   32.406460567329557 	    0.002734797051670
0.900 	    1.447143222919251 	    0.054278764534232 	    0.969997563152242 	    0.900000422703564 	   30.457508205524893 	    0.956536236271930 	    0.997196282525670 	    0.643996086326065 	    0.742656870578884	   32.370773979880727 	    0.002803717474330
0.900 	    1.447714578335401 	    0.054850119950382 	    0.969792505858785 	    0.900000422795456 	   30.411139563366647 	    0.956940787791473 	    0.997126248529687 	    0.643287616902407 	    0.743789218576432	   32.335162422494192 	    0.002873751470313
0.900 	    1.448285933751551 	    0.055421475366532 	    0.969589252368200 	    0.900000422813495 	   30.364985461693886 	    0.957342033887712 	    0.997055089785144 	    0.642580639679115 	    0.744919761639394	   32.299625871279025 	    0.002944910214856
0.900 	    1.448857289167700 	    0.055992830782682 	    0.969387789848902 	    0.900000422758121 	   30.319044531317314 	    0.957739993409870 	    0.996982794964045 	    0.641875154127183 	    0.746048501216875	   32.264164299644372 	    0.003017205035955
0.900 	    1.449428644583850 	    0.056564186198831 	    0.969188105569051 	    0.900000422629767 	   30.273315413578405 	    0.958134685121339 	    0.996909352586576 	    0.641171159665161 	    0.747175438787442	   32.228777678363471 	    0.003090647413424
0.900 	    1.450000000000000 	    0.057135541614981 	    0.968990186896635 	    0.900000422428867 	   30.227796760262810 	    0.958526127697862 	    0.996834751013539 	    0.640468655658876 	    0.748300575858617	   32.193465975559270 	    0.003165248986461
